24 43.0 41 15.0 2626 7048
22 58.4 42 03.2 38   7049
23 16.0 41 55.7 116  7050
23 33.0 41 47.5 153  7051
23 50.0 41 40.0 826  7052
24 07.5 41 31.8 1660 7053
24 24.8 41 23.9 2247 7054
23 47.3 41 41.0 251  7055
23 33.0 41 47.5 153  7056
23 16.0 41 55.7 116  7057
23 04.6 42 00.8 100  7058
22 58.4 42 03.2 38   7059
23 47.3 41 41.0 251  7060
23 33.0 41 47.5 153  7061
23 16.0 41 55.7 116  7062
23 04.6 42 00.8 100  7063
22 58.4 42 03.2 38   7064
22 58.5 42 03.3 39   7065
23 00.0 42 13.7 57   7066
23 00.0 42 24.4 57   7067
23 00.0 42 35.0 49   7068
23 03.1 42 45.1 54   7069
22 58.5 42 03.3 39   7070
23 04.6 42 00.8 100  7071
23 16.0 41 55.7 116  7072
23 32.9 41 47.4 155  7073
23 47.3 41 41.0 255  7074
