%U_barotrop = EST E - Quadratura
  -0.41953693653100
  -0.36824477953100
  -0.40666846853100
  -0.38299730653100
  -0.30503102853100
  -0.25601598943100
  -0.23332016833100
  -0.06768307213100
   0.04884032513900
   0.21845159446900
   0.40400042046900
   0.51715325446900
   0.55670887846900
   0.48311264546900
   0.46236280146900
   0.33285056946900
   0.10966708746900
   0.02168896116900
  -0.04249957983100
  -0.07381815923100
  -0.11299958113100
  -0.15014124711100
  -0.12230274443100
  -0.16449957956100
  -0.15267990873100
  -0.21233291350100
