Elevation boundary conditions for model
  348    TIDAL CONSTITUENT
   74    2   74    3   0.00000
   0.19788   0.32073   0.04197   0.06257   0.01900   0.10225
 214.65524 200.91912 243.90585 218.94593 206.74419 155.46293
   75    2   75    3   0.00000
   0.19788   0.32073   0.04197   0.06257   0.01900   0.10225
 214.65524 200.91912 243.90585 218.94593 206.74419 155.46293
   76    2   76    3   0.00000
   0.19788   0.32073   0.04197   0.06257   0.01900   0.10225
 214.65524 200.91912 243.90585 218.94593 206.74419 155.46293
   77    2   77    3   0.00000
   0.19788   0.32073   0.04197   0.06257   0.01900   0.10225
 214.65524 200.91912 243.90585 218.94593 206.74419 155.46293
   78    2   78    3   0.00000
   0.19788   0.32073   0.04197   0.06257   0.01900   0.10225
 214.65524 200.91912 243.90585 218.94593 206.74419 155.46293
   79    2   79    3   0.00000
   0.19788   0.32073   0.04197   0.06257   0.01900   0.10225
 214.65524 200.91912 243.90585 218.94593 206.74419 155.46293
   80    2   80    3   0.00000
   0.19226   0.31648   0.04154   0.06244   0.01901   0.10224
 212.75090 199.59121 242.67891 218.32008 206.07709 155.18844
   81    2   81    3   0.00000
   0.19226   0.31648   0.04154   0.06244   0.01901   0.10224
 212.75090 199.59121 242.67891 218.32008 206.07709 155.18844
   82    2   82    3   0.00000
   0.19226   0.31648   0.04154   0.06244   0.01901   0.10224
 212.75090 199.59121 242.67891 218.32008 206.07709 155.18844
   83    2   83    3   0.00000
   0.19226   0.31648   0.04154   0.06244   0.01901   0.10224
 212.75090 199.59121 242.67891 218.32008 206.07709 155.18844
   84    2   84    3   0.00000
   0.19226   0.31648   0.04154   0.06244   0.01901   0.10224
 212.75090 199.59121 242.67891 218.32008 206.07709 155.18844
   85    2   85    3   0.00000
   0.19226   0.31648   0.04154   0.06244   0.01901   0.10224
 212.75090 199.59121 242.67891 218.32008 206.07709 155.18844
   86    2   86    3   0.00000
   0.19226   0.31648   0.04154   0.06244   0.01901   0.10224
 212.75090 199.59121 242.67891 218.32008 206.07709 155.18844
   87    2   87    3   0.00000
   0.19226   0.31648   0.04154   0.06244   0.01901   0.10224
 212.75090 199.59121 242.67891 218.32008 206.07709 155.18844
   88    2   88    3   0.00000
   0.19226   0.31648   0.04154   0.06244   0.01901   0.10224
 212.75090 199.59121 242.67891 218.32008 206.07709 155.18844
   89    2   89    3   0.00000
   0.19226   0.31648   0.04154   0.06244   0.01901   0.10224
 212.75090 199.59121 242.67891 218.32008 206.07709 155.18844
   90    2   90    3   0.00000
   0.19226   0.31648   0.04154   0.06244   0.01901   0.10224
 212.75090 199.59121 242.67891 218.32008 206.07709 155.18844
   91    2   91    3   0.00000
   0.19226   0.31648   0.04154   0.06244   0.01901   0.10224
 212.75090 199.59121 242.67891 218.32008 206.07709 155.18844
   92    2   92    3   0.00000
   0.19226   0.31648   0.04154   0.06244   0.01901   0.10224
 212.75090 199.59121 242.67891 218.32008 206.07709 155.18844
   93    3   92    3   0.00000
   0.18905   0.31361   0.04129   0.06237   0.01904   0.10226
 211.94596 199.03217 242.40101 218.09824 205.88149 155.02894
   93    4   92    4   0.00000
   0.18905   0.31361   0.04129   0.06237   0.01904   0.10226
 211.94596 199.03217 242.40101 218.09824 205.88149 155.02894
   93    5   92    5   0.00000
   0.18905   0.31361   0.04129   0.06237   0.01904   0.10226
 211.94596 199.03217 242.40101 218.09824 205.88149 155.02894
   93    6   92    6   0.00000
   0.19226   0.31648   0.04154   0.06244   0.01901   0.10224
 212.75090 199.59121 242.67891 218.32008 206.07709 155.18844
   93    7   92    7   0.00000
   0.19226   0.31648   0.04154   0.06244   0.01901   0.10224
 212.75090 199.59121 242.67891 218.32008 206.07709 155.18844
   93    8   92    8   0.00000
   0.19226   0.31648   0.04154   0.06244   0.01901   0.10224
 212.75090 199.59121 242.67891 218.32008 206.07709 155.18844
   93    9   92    9   0.00000
   0.19226   0.31648   0.04154   0.06244   0.01901   0.10224
 212.75090 199.59121 242.67891 218.32008 206.07709 155.18844
   93   10   92   10   0.00000
   0.19226   0.31648   0.04154   0.06244   0.01901   0.10224
 212.75090 199.59121 242.67891 218.32008 206.07709 155.18844
   93   11   92   11   0.00000
   0.19040   0.31432   0.04131   0.06214   0.01901   0.10217
 212.12076 199.33121 242.19734 218.27042 205.96831 155.12193
   93   12   92   12   0.00000
   0.19040   0.31432   0.04131   0.06214   0.01901   0.10217
 212.12076 199.33121 242.19734 218.27042 205.96831 155.12193
   93   13   92   13   0.00000
   0.19040   0.31432   0.04131   0.06214   0.01901   0.10217
 212.12076 199.33121 242.19734 218.27042 205.96831 155.12193
   93   14   92   14   0.00000
   0.19040   0.31432   0.04131   0.06214   0.01901   0.10217
 212.12076 199.33121 242.19734 218.27042 205.96831 155.12193
   93   15   92   15   0.00000
   0.19040   0.31432   0.04131   0.06214   0.01901   0.10217
 212.12076 199.33121 242.19734 218.27042 205.96831 155.12193
   93   16   92   16   0.00000
   0.19040   0.31432   0.04131   0.06214   0.01901   0.10217
 212.12076 199.33121 242.19734 218.27042 205.96831 155.12193
   93   17   92   17   0.00000
   0.19040   0.31432   0.04131   0.06214   0.01901   0.10217
 212.12076 199.33121 242.19734 218.27042 205.96831 155.12193
   93   18   92   18   0.00000
   0.19040   0.31432   0.04131   0.06214   0.01901   0.10217
 212.12076 199.33121 242.19734 218.27042 205.96831 155.12193
   93   19   92   19   0.00000
   0.19040   0.31432   0.04131   0.06214   0.01901   0.10217
 212.12076 199.33121 242.19734 218.27042 205.96831 155.12193
   93   20   92   20   0.00000
   0.19040   0.31432   0.04131   0.06214   0.01901   0.10217
 212.12076 199.33121 242.19734 218.27042 205.96831 155.12193
   93   21   92   21   0.00000
   0.19040   0.31432   0.04131   0.06214   0.01901   0.10217
 212.12076 199.33121 242.19734 218.27042 205.96831 155.12193
   93   22   92   22   0.00000
   0.19040   0.31432   0.04131   0.06214   0.01901   0.10217
 212.12076 199.33121 242.19734 218.27042 205.96831 155.12193
   93   23   92   23   0.00000
   0.19040   0.31432   0.04131   0.06214   0.01901   0.10217
 212.12076 199.33121 242.19734 218.27042 205.96831 155.12193
   93   24   92   24   0.00000
   0.19040   0.31432   0.04131   0.06214   0.01901   0.10217
 212.12076 199.33121 242.19734 218.27042 205.96831 155.12193
   93   25   92   25   0.00000
   0.19040   0.31432   0.04131   0.06214   0.01901   0.10217
 212.12076 199.33121 242.19734 218.27042 205.96831 155.12193
   93   26   92   26   0.00000
   0.19040   0.31432   0.04131   0.06214   0.01901   0.10217
 212.12076 199.33121 242.19734 218.27042 205.96831 155.12193
   93   27   92   27   0.00000
   0.19040   0.31432   0.04131   0.06214   0.01901   0.10217
 212.12076 199.33121 242.19734 218.27042 205.96831 155.12193
   93   28   92   28   0.00000
   0.19040   0.31432   0.04131   0.06214   0.01901   0.10217
 212.12076 199.33121 242.19734 218.27042 205.96831 155.12193
   93   29   92   29   0.00000
   0.19040   0.31432   0.04131   0.06214   0.01901   0.10217
 212.12076 199.33121 242.19734 218.27042 205.96831 155.12193
   93   30   92   30   0.00000
   0.18899   0.31319   0.04116   0.06187   0.01901   0.10220
 211.77638 199.28603 241.93129 218.32078 205.97022 155.09188
   93   31   92   31   0.00000
   0.18899   0.31319   0.04116   0.06187   0.01901   0.10220
 211.77638 199.28603 241.93129 218.32078 205.97022 155.09188
   93   32   92   32   0.00000
   0.18899   0.31319   0.04116   0.06187   0.01901   0.10220
 211.77638 199.28603 241.93129 218.32078 205.97022 155.09188
   93   33   92   33   0.00000
   0.18899   0.31319   0.04116   0.06187   0.01901   0.10220
 211.77638 199.28603 241.93129 218.32078 205.97022 155.09188
   93   34   92   34   0.00000
   0.18899   0.31319   0.04116   0.06187   0.01901   0.10220
 211.77638 199.28603 241.93129 218.32078 205.97022 155.09188
   93   35   92   35   0.00000
   0.18899   0.31319   0.04116   0.06187   0.01901   0.10220
 211.77638 199.28603 241.93129 218.32078 205.97022 155.09188
   93   36   92   36   0.00000
   0.18899   0.31319   0.04116   0.06187   0.01901   0.10220
 211.77638 199.28603 241.93129 218.32078 205.97022 155.09188
   93   37   92   37   0.00000
   0.18899   0.31319   0.04116   0.06187   0.01901   0.10220
 211.77638 199.28603 241.93129 218.32078 205.97022 155.09188
   93   38   92   38   0.00000
   0.18899   0.31319   0.04116   0.06187   0.01901   0.10220
 211.77638 199.28603 241.93129 218.32078 205.97022 155.09188
   93   39   92   39   0.00000
   0.18899   0.31319   0.04116   0.06187   0.01901   0.10220
 211.77638 199.28603 241.93129 218.32078 205.97022 155.09188
   93   40   92   40   0.00000
   0.18899   0.31319   0.04116   0.06187   0.01901   0.10220
 211.77638 199.28603 241.93129 218.32078 205.97022 155.09188
   93   41   92   41   0.00000
   0.18899   0.31319   0.04116   0.06187   0.01901   0.10220
 211.77638 199.28603 241.93129 218.32078 205.97022 155.09188
   93   42   92   42   0.00000
   0.18899   0.31319   0.04116   0.06187   0.01901   0.10220
 211.77638 199.28603 241.93129 218.32078 205.97022 155.09188
   93   43   92   43   0.00000
   0.18899   0.31319   0.04116   0.06187   0.01901   0.10220
 211.77638 199.28603 241.93129 218.32078 205.97022 155.09188
   93   44   92   44   0.00000
   0.18899   0.31319   0.04116   0.06187   0.01901   0.10220
 211.77638 199.28603 241.93129 218.32078 205.97022 155.09188
   93   45   92   45   0.00000
   0.18899   0.31319   0.04116   0.06187   0.01901   0.10220
 211.77638 199.28603 241.93129 218.32078 205.97022 155.09188
   93   46   92   46   0.00000
   0.18899   0.31319   0.04116   0.06187   0.01901   0.10220
 211.77638 199.28603 241.93129 218.32078 205.97022 155.09188
   93   47   92   47   0.00000
   0.18899   0.31319   0.04116   0.06187   0.01901   0.10220
 211.77638 199.28603 241.93129 218.32078 205.97022 155.09188
   93   48   92   48   0.00000
   0.18899   0.31319   0.04116   0.06187   0.01901   0.10220
 211.77638 199.28603 241.93129 218.32078 205.97022 155.09188
   93   49   92   49   0.00000
   0.18725   0.31127   0.04094   0.06158   0.01900   0.10218
 211.49859 199.33671 241.75861 218.39933 206.01862 155.12282
   93   50   92   50   0.00000
   0.18725   0.31127   0.04094   0.06158   0.01900   0.10218
 211.49859 199.33671 241.75861 218.39933 206.01862 155.12282
   93   51   92   51   0.00000
   0.18725   0.31127   0.04094   0.06158   0.01900   0.10218
 211.49859 199.33671 241.75861 218.39933 206.01862 155.12282
   93   52   92   52   0.00000
   0.18725   0.31127   0.04094   0.06158   0.01900   0.10218
 211.49859 199.33671 241.75861 218.39933 206.01862 155.12282
   93   53   92   53   0.00000
   0.18725   0.31127   0.04094   0.06158   0.01900   0.10218
 211.49859 199.33671 241.75861 218.39933 206.01862 155.12282
   93   54   92   54   0.00000
   0.18725   0.31127   0.04094   0.06158   0.01900   0.10218
 211.49859 199.33671 241.75861 218.39933 206.01862 155.12282
   93   55   92   55   0.00000
   0.18725   0.31127   0.04094   0.06158   0.01900   0.10218
 211.49859 199.33671 241.75861 218.39933 206.01862 155.12282
   93   56   92   56   0.00000
   0.18725   0.31127   0.04094   0.06158   0.01900   0.10218
 211.49859 199.33671 241.75861 218.39933 206.01862 155.12282
   93   57   92   57   0.00000
   0.18725   0.31127   0.04094   0.06158   0.01900   0.10218
 211.49859 199.33671 241.75861 218.39933 206.01862 155.12282
   93   58   92   58   0.00000
   0.18725   0.31127   0.04094   0.06158   0.01900   0.10218
 211.49859 199.33671 241.75861 218.39933 206.01862 155.12282
   93   59   92   59   0.00000
   0.18725   0.31127   0.04094   0.06158   0.01900   0.10218
 211.49859 199.33671 241.75861 218.39933 206.01862 155.12282
   93   60   92   60   0.00000
   0.18725   0.31127   0.04094   0.06158   0.01900   0.10218
 211.49859 199.33671 241.75861 218.39933 206.01862 155.12282
   93   61   92   61   0.00000
   0.18725   0.31127   0.04094   0.06158   0.01900   0.10218
 211.49859 199.33671 241.75861 218.39933 206.01862 155.12282
   93   62   92   62   0.00000
   0.18725   0.31127   0.04094   0.06158   0.01900   0.10218
 211.49859 199.33671 241.75861 218.39933 206.01862 155.12282
   93   63   92   63   0.00000
   0.18725   0.31127   0.04094   0.06158   0.01900   0.10218
 211.49859 199.33671 241.75861 218.39933 206.01862 155.12282
   93   64   92   64   0.00000
   0.18725   0.31127   0.04094   0.06158   0.01900   0.10218
 211.49859 199.33671 241.75861 218.39933 206.01862 155.12282
   93   65   92   65   0.00000
   0.18725   0.31127   0.04094   0.06158   0.01900   0.10218
 211.49859 199.33671 241.75861 218.39933 206.01862 155.12282
   93   66   92   66   0.00000
   0.18725   0.31127   0.04094   0.06158   0.01900   0.10218
 211.49859 199.33671 241.75861 218.39933 206.01862 155.12282
   93   67   92   67   0.00000
   0.18725   0.31127   0.04094   0.06158   0.01900   0.10218
 211.49859 199.33671 241.75861 218.39933 206.01862 155.12282
   93   68   92   68   0.00000
   0.18514   0.30847   0.04064   0.06128   0.01898   0.10208
 211.11628 199.32647 241.51143 218.45580 206.05509 155.15132
   93   69   92   69   0.00000
   0.18514   0.30847   0.04064   0.06128   0.01898   0.10208
 211.11628 199.32647 241.51143 218.45580 206.05509 155.15132
   93   70   92   70   0.00000
   0.18514   0.30847   0.04064   0.06128   0.01898   0.10208
 211.11628 199.32647 241.51143 218.45580 206.05509 155.15132
   93   71   92   71   0.00000
   0.18514   0.30847   0.04064   0.06128   0.01898   0.10208
 211.11628 199.32647 241.51143 218.45580 206.05509 155.15132
   93   72   92   72   0.00000
   0.18514   0.30847   0.04064   0.06128   0.01898   0.10208
 211.11628 199.32647 241.51143 218.45580 206.05509 155.15132
   93   73   92   73   0.00000
   0.18514   0.30847   0.04064   0.06128   0.01898   0.10208
 211.11628 199.32647 241.51143 218.45580 206.05509 155.15132
   93   74   92   74   0.00000
   0.18514   0.30847   0.04064   0.06128   0.01898   0.10208
 211.11628 199.32647 241.51143 218.45580 206.05509 155.15132
   93   75   92   75   0.00000
   0.18514   0.30847   0.04064   0.06128   0.01898   0.10208
 211.11628 199.32647 241.51143 218.45580 206.05509 155.15132
   93   76   92   76   0.00000
   0.18514   0.30847   0.04064   0.06128   0.01898   0.10208
 211.11628 199.32647 241.51143 218.45580 206.05509 155.15132
   93   77   92   77   0.00000
   0.18514   0.30847   0.04064   0.06128   0.01898   0.10208
 211.11628 199.32647 241.51143 218.45580 206.05509 155.15132
   93   78   92   78   0.00000
   0.18514   0.30847   0.04064   0.06128   0.01898   0.10208
 211.11628 199.32647 241.51143 218.45580 206.05509 155.15132
   93   79   92   79   0.00000
   0.18514   0.30847   0.04064   0.06128   0.01898   0.10208
 211.11628 199.32647 241.51143 218.45580 206.05509 155.15132
   93   80   92   80   0.00000
   0.18514   0.30847   0.04064   0.06128   0.01898   0.10208
 211.11628 199.32647 241.51143 218.45580 206.05509 155.15132
   93   81   92   81   0.00000
   0.18514   0.30847   0.04064   0.06128   0.01898   0.10208
 211.11628 199.32647 241.51143 218.45580 206.05509 155.15132
   93   82   92   82   0.00000
   0.18514   0.30847   0.04064   0.06128   0.01898   0.10208
 211.11628 199.32647 241.51143 218.45580 206.05509 155.15132
   93   83   92   83   0.00000
   0.18514   0.30847   0.04064   0.06128   0.01898   0.10208
 211.11628 199.32647 241.51143 218.45580 206.05509 155.15132
   93   84   92   84   0.00000
   0.18514   0.30847   0.04064   0.06128   0.01898   0.10208
 211.11628 199.32647 241.51143 218.45580 206.05509 155.15132
   93   85   92   85   0.00000
   0.18514   0.30847   0.04064   0.06128   0.01898   0.10208
 211.11628 199.32647 241.51143 218.45580 206.05509 155.15132
   93   86   92   86   0.00000
   0.18514   0.30847   0.04064   0.06128   0.01898   0.10208
 211.11628 199.32647 241.51143 218.45580 206.05509 155.15132
   93   87   92   87   0.00000
   0.18284   0.30522   0.04030   0.06095   0.01895   0.10195
 210.58873 199.21202 241.14094 218.48247 206.06727 155.18985
   93   88   92   88   0.00000
   0.18284   0.30522   0.04030   0.06095   0.01895   0.10195
 210.58873 199.21202 241.14094 218.48247 206.06727 155.18985
   93   89   92   89   0.00000
   0.18284   0.30522   0.04030   0.06095   0.01895   0.10195
 210.58873 199.21202 241.14094 218.48247 206.06727 155.18985
   93   90   92   90   0.00000
   0.18284   0.30522   0.04030   0.06095   0.01895   0.10195
 210.58873 199.21202 241.14094 218.48247 206.06727 155.18985
   93   91   92   91   0.00000
   0.18284   0.30522   0.04030   0.06095   0.01895   0.10195
 210.58873 199.21202 241.14094 218.48247 206.06727 155.18985
   93   92   92   92   0.00000
   0.18284   0.30522   0.04030   0.06095   0.01895   0.10195
 210.58873 199.21202 241.14094 218.48247 206.06727 155.18985
   93   93   92   93   0.00000
   0.18284   0.30522   0.04030   0.06095   0.01895   0.10195
 210.58873 199.21202 241.14094 218.48247 206.06727 155.18985
   93   94   92   94   0.00000
   0.18284   0.30522   0.04030   0.06095   0.01895   0.10195
 210.58873 199.21202 241.14094 218.48247 206.06727 155.18985
   93   95   92   95   0.00000
   0.18284   0.30522   0.04030   0.06095   0.01895   0.10195
 210.58873 199.21202 241.14094 218.48247 206.06727 155.18985
   93   96   92   96   0.00000
   0.18284   0.30522   0.04030   0.06095   0.01895   0.10195
 210.58873 199.21202 241.14094 218.48247 206.06727 155.18985
   93   97   92   97   0.00000
   0.18284   0.30522   0.04030   0.06095   0.01895   0.10195
 210.58873 199.21202 241.14094 218.48247 206.06727 155.18985
   93   98   92   98   0.00000
   0.18284   0.30522   0.04030   0.06095   0.01895   0.10195
 210.58873 199.21202 241.14094 218.48247 206.06727 155.18985
   93   99   92   99   0.00000
   0.18284   0.30522   0.04030   0.06095   0.01895   0.10195
 210.58873 199.21202 241.14094 218.48247 206.06727 155.18985
   93  100   92  100   0.00000
   0.18284   0.30522   0.04030   0.06095   0.01895   0.10195
 210.58873 199.21202 241.14094 218.48247 206.06727 155.18985
   93  101   92  101   0.00000
   0.18284   0.30522   0.04030   0.06095   0.01895   0.10195
 210.58873 199.21202 241.14094 218.48247 206.06727 155.18985
   93  102   92  102   0.00000
   0.18284   0.30522   0.04030   0.06095   0.01895   0.10195
 210.58873 199.21202 241.14094 218.48247 206.06727 155.18985
   93  103   92  103   0.00000
   0.18284   0.30522   0.04030   0.06095   0.01895   0.10195
 210.58873 199.21202 241.14094 218.48247 206.06727 155.18985
   93  104   92  104   0.00000
   0.18284   0.30522   0.04030   0.06095   0.01895   0.10195
 210.58873 199.21202 241.14094 218.48247 206.06727 155.18985
   93  105   92  105   0.00000
   0.18284   0.30522   0.04030   0.06095   0.01895   0.10195
 210.58873 199.21202 241.14094 218.48247 206.06727 155.18985
   93  106   92  106   0.00000
   0.18284   0.30522   0.04030   0.06095   0.01895   0.10195
 210.58873 199.21202 241.14094 218.48247 206.06727 155.18985
   93  107   92  107   0.00000
   0.18047   0.30175   0.03994   0.06062   0.01891   0.10177
 209.93626 198.97055 240.64904 218.47524 206.04836 155.20604
   93  108   92  108   0.00000
   0.18047   0.30175   0.03994   0.06062   0.01891   0.10177
 209.93626 198.97055 240.64904 218.47524 206.04836 155.20604
   93  109   92  109   0.00000
   0.18047   0.30175   0.03994   0.06062   0.01891   0.10177
 209.93626 198.97055 240.64904 218.47524 206.04836 155.20604
   93  110   92  110   0.00000
   0.18364   0.30516   0.04023   0.06070   0.01891   0.10186
 210.88246 199.75544 241.15109 218.74828 206.28347 155.38109
   93  111   92  111   0.00000
   0.18364   0.30516   0.04023   0.06070   0.01891   0.10186
 210.88246 199.75544 241.15109 218.74828 206.28347 155.38109
   93  112   92  112   0.00000
   0.18364   0.30516   0.04023   0.06070   0.01891   0.10186
 210.88246 199.75544 241.15109 218.74828 206.28347 155.38109
   93  113   92  113   0.00000
   0.18364   0.30516   0.04023   0.06070   0.01891   0.10186
 210.88246 199.75544 241.15109 218.74828 206.28347 155.38109
   93  114   92  114   0.00000
   0.18364   0.30516   0.04023   0.06070   0.01891   0.10186
 210.88246 199.75544 241.15109 218.74828 206.28347 155.38109
   93  115   92  115   0.00000
   0.18364   0.30516   0.04023   0.06070   0.01891   0.10186
 210.88246 199.75544 241.15109 218.74828 206.28347 155.38109
   93  116   92  116   0.00000
   0.18364   0.30516   0.04023   0.06070   0.01891   0.10186
 210.88246 199.75544 241.15109 218.74828 206.28347 155.38109
   93  117   92  117   0.00000
   0.18364   0.30516   0.04023   0.06070   0.01891   0.10186
 210.88246 199.75544 241.15109 218.74828 206.28347 155.38109
   93  118   92  118   0.00000
   0.18364   0.30516   0.04023   0.06070   0.01891   0.10186
 210.88246 199.75544 241.15109 218.74828 206.28347 155.38109
   93  119   92  119   0.00000
   0.18364   0.30516   0.04023   0.06070   0.01891   0.10186
 210.88246 199.75544 241.15109 218.74828 206.28347 155.38109
   93  120   92  120   0.00000
   0.18364   0.30516   0.04023   0.06070   0.01891   0.10186
 210.88246 199.75544 241.15109 218.74828 206.28347 155.38109
   93  121   92  121   0.00000
   0.18364   0.30516   0.04023   0.06070   0.01891   0.10186
 210.88246 199.75544 241.15109 218.74828 206.28347 155.38109
   93  122   92  122   0.00000
   0.18364   0.30516   0.04023   0.06070   0.01891   0.10186
 210.88246 199.75544 241.15109 218.74828 206.28347 155.38109
   93  123   92  123   0.00000
   0.18364   0.30516   0.04023   0.06070   0.01891   0.10186
 210.88246 199.75544 241.15109 218.74828 206.28347 155.38109
   93  124   92  124   0.00000
   0.18364   0.30516   0.04023   0.06070   0.01891   0.10186
 210.88246 199.75544 241.15109 218.74828 206.28347 155.38109
   93  125   92  125   0.00000
   0.18364   0.30516   0.04023   0.06070   0.01891   0.10186
 210.88246 199.75544 241.15109 218.74828 206.28347 155.38109
   93  126   92  126   0.00000
   0.18364   0.30516   0.04023   0.06070   0.01891   0.10186
 210.88246 199.75544 241.15109 218.74828 206.28347 155.38109
   93  127   92  127   0.00000
   0.18109   0.30120   0.03983   0.06036   0.01888   0.10165
 209.96634 199.25128 240.43051 218.67129 206.19222 155.36754
   93  128   92  128   0.00000
   0.18109   0.30120   0.03983   0.06036   0.01888   0.10165
 209.96634 199.25128 240.43051 218.67129 206.19222 155.36754
   93  129   92  129   0.00000
   0.18109   0.30120   0.03983   0.06036   0.01888   0.10165
 209.96634 199.25128 240.43051 218.67129 206.19222 155.36754
   93  130   92  130   0.00000
   0.18109   0.30120   0.03983   0.06036   0.01888   0.10165
 209.96634 199.25128 240.43051 218.67129 206.19222 155.36754
   93  131   92  131   0.00000
   0.18109   0.30120   0.03983   0.06036   0.01888   0.10165
 209.96634 199.25128 240.43051 218.67129 206.19222 155.36754
   93  132   92  132   0.00000
   0.18109   0.30120   0.03983   0.06036   0.01888   0.10165
 209.96634 199.25128 240.43051 218.67129 206.19222 155.36754
   93  133   92  133   0.00000
   0.18109   0.30120   0.03983   0.06036   0.01888   0.10165
 209.96634 199.25128 240.43051 218.67129 206.19222 155.36754
   93  134   92  134   0.00000
   0.18109   0.30120   0.03983   0.06036   0.01888   0.10165
 209.96634 199.25128 240.43051 218.67129 206.19222 155.36754
   93  135   92  135   0.00000
   0.18109   0.30120   0.03983   0.06036   0.01888   0.10165
 209.96634 199.25128 240.43051 218.67129 206.19222 155.36754
   93  136   92  136   0.00000
   0.18109   0.30120   0.03983   0.06036   0.01888   0.10165
 209.96634 199.25128 240.43051 218.67129 206.19222 155.36754
   93  137   92  137   0.00000
   0.18109   0.30120   0.03983   0.06036   0.01888   0.10165
 209.96634 199.25128 240.43051 218.67129 206.19222 155.36754
   93  138   92  138   0.00000
   0.18109   0.30120   0.03983   0.06036   0.01888   0.10165
 209.96634 199.25128 240.43051 218.67129 206.19222 155.36754
   93  139   92  139   0.00000
   0.18109   0.30120   0.03983   0.06036   0.01888   0.10165
 209.96634 199.25128 240.43051 218.67129 206.19222 155.36754
   93  140   92  140   0.00000
   0.18109   0.30120   0.03983   0.06036   0.01888   0.10165
 209.96634 199.25128 240.43051 218.67129 206.19222 155.36754
   93  141   92  141   0.00000
   0.18109   0.30120   0.03983   0.06036   0.01888   0.10165
 209.96634 199.25128 240.43051 218.67129 206.19222 155.36754
   93  142   92  142   0.00000
   0.18109   0.30120   0.03983   0.06036   0.01888   0.10165
 209.96634 199.25128 240.43051 218.67129 206.19222 155.36754
   93  143   92  143   0.00000
   0.18109   0.30120   0.03983   0.06036   0.01888   0.10165
 209.96634 199.25128 240.43051 218.67129 206.19222 155.36754
   93  144   92  144   0.00000
   0.18109   0.30120   0.03983   0.06036   0.01888   0.10165
 209.96634 199.25128 240.43051 218.67129 206.19222 155.36754
   93  145   92  145   0.00000
   0.18109   0.30120   0.03983   0.06036   0.01888   0.10165
 209.96634 199.25128 240.43051 218.67129 206.19222 155.36754
   93  146   92  146   0.00000
   0.17910   0.29836   0.03955   0.06008   0.01885   0.10151
 209.13542 198.77290 239.74081 218.60108 206.11997 155.35025
   93  147   92  147   0.00000
   0.17910   0.29836   0.03955   0.06008   0.01885   0.10151
 209.13542 198.77290 239.74081 218.60108 206.11997 155.35025
   93  148   92  148   0.00000
   0.17910   0.29836   0.03955   0.06008   0.01885   0.10151
 209.13542 198.77290 239.74081 218.60108 206.11997 155.35025
   93  149   92  149   0.00000
   0.17910   0.29836   0.03955   0.06008   0.01885   0.10151
 209.13542 198.77290 239.74081 218.60108 206.11997 155.35025
   93  150   92  150   0.00000
   0.17910   0.29836   0.03955   0.06008   0.01885   0.10151
 209.13542 198.77290 239.74081 218.60108 206.11997 155.35025
   93  151   92  151   0.00000
   0.17910   0.29836   0.03955   0.06008   0.01885   0.10151
 209.13542 198.77290 239.74081 218.60108 206.11997 155.35025
   93  152   92  152   0.00000
   0.17910   0.29836   0.03955   0.06008   0.01885   0.10151
 209.13542 198.77290 239.74081 218.60108 206.11997 155.35025
   93  153   92  153   0.00000
   0.17910   0.29836   0.03955   0.06008   0.01885   0.10151
 209.13542 198.77290 239.74081 218.60108 206.11997 155.35025
   93  154   92  154   0.00000
   0.17910   0.29836   0.03955   0.06008   0.01885   0.10151
 209.13542 198.77290 239.74081 218.60108 206.11997 155.35025
   93  155   92  155   0.00000
   0.17910   0.29836   0.03955   0.06008   0.01885   0.10151
 209.13542 198.77290 239.74081 218.60108 206.11997 155.35025
   93  156   92  156   0.00000
   0.17910   0.29836   0.03955   0.06008   0.01885   0.10151
 209.13542 198.77290 239.74081 218.60108 206.11997 155.35025
   93  157   92  157   0.00000
   0.17910   0.29836   0.03955   0.06008   0.01885   0.10151
 209.13542 198.77290 239.74081 218.60108 206.11997 155.35025
   93  158   92  158   0.00000
   0.17910   0.29836   0.03955   0.06008   0.01885   0.10151
 209.13542 198.77290 239.74081 218.60108 206.11997 155.35025
   93  159   92  159   0.00000
   0.17910   0.29836   0.03955   0.06008   0.01885   0.10151
 209.13542 198.77290 239.74081 218.60108 206.11997 155.35025
   93  160   92  160   0.00000
   0.17910   0.29836   0.03955   0.06008   0.01885   0.10151
 209.13542 198.77290 239.74081 218.60108 206.11997 155.35025
   93  161   92  161   0.00000
   0.17910   0.29836   0.03955   0.06008   0.01885   0.10151
 209.13542 198.77290 239.74081 218.60108 206.11997 155.35025
   93  162   92  162   0.00000
   0.17910   0.29836   0.03955   0.06008   0.01885   0.10151
 209.13542 198.77290 239.74081 218.60108 206.11997 155.35025
   93  163   92  163   0.00000
   0.17910   0.29836   0.03955   0.06008   0.01885   0.10151
 209.13542 198.77290 239.74081 218.60108 206.11997 155.35025
   93  164   92  164   0.00000
   0.17910   0.29836   0.03955   0.06008   0.01885   0.10151
 209.13542 198.77290 239.74081 218.60108 206.11997 155.35025
   93  165   92  165   0.00000
   0.17910   0.29836   0.03955   0.06008   0.01885   0.10151
 209.13542 198.77290 239.74081 218.60108 206.11997 155.35025
   93  166   92  166   0.00000
   0.17731   0.29608   0.03930   0.05985   0.01884   0.10138
 208.48254 198.39159 239.16865 218.55962 206.08033 155.35120
   93  167   92  167   0.00000
   0.17731   0.29608   0.03930   0.05985   0.01884   0.10138
 208.48254 198.39159 239.16865 218.55962 206.08033 155.35120
   93  168   92  168   0.00000
   0.17731   0.29608   0.03930   0.05985   0.01884   0.10138
 208.48254 198.39159 239.16865 218.55962 206.08033 155.35120
   93  169   92  169   0.00000
   0.17731   0.29608   0.03930   0.05985   0.01884   0.10138
 208.48254 198.39159 239.16865 218.55962 206.08033 155.35120
   93  170   92  170   0.00000
   0.17731   0.29608   0.03930   0.05985   0.01884   0.10138
 208.48254 198.39159 239.16865 218.55962 206.08033 155.35120
   93  171   92  171   0.00000
   0.17731   0.29608   0.03930   0.05985   0.01884   0.10138
 208.48254 198.39159 239.16865 218.55962 206.08033 155.35120
   93  172   92  172   0.00000
   0.17731   0.29608   0.03930   0.05985   0.01884   0.10138
 208.48254 198.39159 239.16865 218.55962 206.08033 155.35120
   93  173   92  173   0.00000
   0.17731   0.29608   0.03930   0.05985   0.01884   0.10138
 208.48254 198.39159 239.16865 218.55962 206.08033 155.35120
   93  174   92  174   0.00000
   0.17731   0.29608   0.03930   0.05985   0.01884   0.10138
 208.48254 198.39159 239.16865 218.55962 206.08033 155.35120
   93  175   92  175   0.00000
   0.17731   0.29608   0.03930   0.05985   0.01884   0.10138
 208.48254 198.39159 239.16865 218.55962 206.08033 155.35120
   93  176   92  176   0.00000
   0.17731   0.29608   0.03930   0.05985   0.01884   0.10138
 208.48254 198.39159 239.16865 218.55962 206.08033 155.35120
   93  177   92  177   0.00000
   0.17731   0.29608   0.03930   0.05985   0.01884   0.10138
 208.48254 198.39159 239.16865 218.55962 206.08033 155.35120
   93  178   92  178   0.00000
   0.17731   0.29608   0.03930   0.05985   0.01884   0.10138
 208.48254 198.39159 239.16865 218.55962 206.08033 155.35120
   93  179   92  179   0.00000
   0.17731   0.29608   0.03930   0.05985   0.01884   0.10138
 208.48254 198.39159 239.16865 218.55962 206.08033 155.35120
   93  180   92  180   0.00000
   0.17731   0.29608   0.03930   0.05985   0.01884   0.10138
 208.48254 198.39159 239.16865 218.55962 206.08033 155.35120
   93  181   92  181   0.00000
   0.17731   0.29608   0.03930   0.05985   0.01884   0.10138
 208.48254 198.39159 239.16865 218.55962 206.08033 155.35120
   93  182   92  182   0.00000
   0.17731   0.29608   0.03930   0.05985   0.01884   0.10138
 208.48254 198.39159 239.16865 218.55962 206.08033 155.35120
   93  183   92  183   0.00000
   0.17731   0.29608   0.03930   0.05985   0.01884   0.10138
 208.48254 198.39159 239.16865 218.55962 206.08033 155.35120
   93  184   92  184   0.00000
   0.17731   0.29608   0.03930   0.05985   0.01884   0.10138
 208.48254 198.39159 239.16865 218.55962 206.08033 155.35120
   93  185   92  185   0.00000
   0.17731   0.29608   0.03930   0.05985   0.01884   0.10138
 208.48254 198.39159 239.16865 218.55962 206.08033 155.35120
   93  186   92  186   0.00000
   0.17566   0.29415   0.03907   0.05965   0.01882   0.10127
 207.96781 198.08982 238.67593 218.54366 206.07062 155.36671
   93  187   92  187   0.00000
   0.17566   0.29415   0.03907   0.05965   0.01882   0.10127
 207.96781 198.08982 238.67593 218.54366 206.07062 155.36671
   93  188   92  188   0.00000
   0.17566   0.29415   0.03907   0.05965   0.01882   0.10127
 207.96781 198.08982 238.67593 218.54366 206.07062 155.36671
   93  189   92  189   0.00000
   0.17566   0.29415   0.03907   0.05965   0.01882   0.10127
 207.96781 198.08982 238.67593 218.54366 206.07062 155.36671
   93  190   92  190   0.00000
   0.17566   0.29415   0.03907   0.05965   0.01882   0.10127
 207.96781 198.08982 238.67593 218.54366 206.07062 155.36671
   93  191   92  191   0.00000
   0.17566   0.29415   0.03907   0.05965   0.01882   0.10127
 207.96781 198.08982 238.67593 218.54366 206.07062 155.36671
   93  192   92  192   0.00000
   0.17566   0.29415   0.03907   0.05965   0.01882   0.10127
 207.96781 198.08982 238.67593 218.54366 206.07062 155.36671
   93  193   92  193   0.00000
   0.17566   0.29415   0.03907   0.05965   0.01882   0.10127
 207.96781 198.08982 238.67593 218.54366 206.07062 155.36671
   93  194   92  194   0.00000
   0.17566   0.29415   0.03907   0.05965   0.01882   0.10127
 207.96781 198.08982 238.67593 218.54366 206.07062 155.36671
   93  195   92  195   0.00000
   0.17566   0.29415   0.03907   0.05965   0.01882   0.10127
 207.96781 198.08982 238.67593 218.54366 206.07062 155.36671
   93  196   92  196   0.00000
   0.17566   0.29415   0.03907   0.05965   0.01882   0.10127
 207.96781 198.08982 238.67593 218.54366 206.07062 155.36671
   93  197   92  197   0.00000
   0.17566   0.29415   0.03907   0.05965   0.01882   0.10127
 207.96781 198.08982 238.67593 218.54366 206.07062 155.36671
   93  198   92  198   0.00000
   0.17566   0.29415   0.03907   0.05965   0.01882   0.10127
 207.96781 198.08982 238.67593 218.54366 206.07062 155.36671
   93  199   92  199   0.00000
   0.17566   0.29415   0.03907   0.05965   0.01882   0.10127
 207.96781 198.08982 238.67593 218.54366 206.07062 155.36671
   93  200   92  200   0.00000
   0.17566   0.29415   0.03907   0.05965   0.01882   0.10127
 207.96781 198.08982 238.67593 218.54366 206.07062 155.36671
   93  201   92  201   0.00000
   0.17566   0.29415   0.03907   0.05965   0.01882   0.10127
 207.96781 198.08982 238.67593 218.54366 206.07062 155.36671
   93  202   92  202   0.00000
   0.17566   0.29415   0.03907   0.05965   0.01882   0.10127
 207.96781 198.08982 238.67593 218.54366 206.07062 155.36671
   93  203   92  203   0.00000
   0.17566   0.29415   0.03907   0.05965   0.01882   0.10127
 207.96781 198.08982 238.67593 218.54366 206.07062 155.36671
   93  204   92  204   0.00000
   0.17566   0.29415   0.03907   0.05965   0.01882   0.10127
 207.96781 198.08982 238.67593 218.54366 206.07062 155.36671
   93  205   92  205   0.00000
   0.17414   0.29251   0.03886   0.05948   0.01881   0.10117
 207.53291 197.83410 238.21087 218.54565 206.08420 155.41493
   93  206   92  206   0.00000
   0.17414   0.29251   0.03886   0.05948   0.01881   0.10117
 207.53291 197.83410 238.21087 218.54565 206.08420 155.41493
   93  207   92  207   0.00000
   0.17414   0.29251   0.03886   0.05948   0.01881   0.10117
 207.53291 197.83410 238.21087 218.54565 206.08420 155.41493
   93  208   92  208   0.00000
   0.17414   0.29251   0.03886   0.05948   0.01881   0.10117
 207.53291 197.83410 238.21087 218.54565 206.08420 155.41493
   93  209   92  209   0.00000
   0.17414   0.29251   0.03886   0.05948   0.01881   0.10117
 207.53291 197.83410 238.21087 218.54565 206.08420 155.41493
   93  210   92  210   0.00000
   0.17414   0.29251   0.03886   0.05948   0.01881   0.10117
 207.53291 197.83410 238.21087 218.54565 206.08420 155.41493
   93  211   92  211   0.00000
   0.17414   0.29251   0.03886   0.05948   0.01881   0.10117
 207.53291 197.83410 238.21087 218.54565 206.08420 155.41493
   93  212   92  212   0.00000
   0.17414   0.29251   0.03886   0.05948   0.01881   0.10117
 207.53291 197.83410 238.21087 218.54565 206.08420 155.41493
   93  213   92  213   0.00000
   0.17414   0.29251   0.03886   0.05948   0.01881   0.10117
 207.53291 197.83410 238.21087 218.54565 206.08420 155.41493
   93  214   92  214   0.00000
   0.17414   0.29251   0.03886   0.05948   0.01881   0.10117
 207.53291 197.83410 238.21087 218.54565 206.08420 155.41493
   93  215   92  215   0.00000
   0.17414   0.29251   0.03886   0.05948   0.01881   0.10117
 207.53291 197.83410 238.21087 218.54565 206.08420 155.41493
   93  216   92  216   0.00000
   0.17414   0.29251   0.03886   0.05948   0.01881   0.10117
 207.53291 197.83410 238.21087 218.54565 206.08420 155.41493
   93  217   92  217   0.00000
   0.17708   0.29519   0.03914   0.05950   0.01882   0.10127
 207.95725 198.13491 238.38652 218.68337 206.18253 155.49255
   93  218   92  218   0.00000
   0.17708   0.29519   0.03914   0.05950   0.01882   0.10127
 207.95725 198.13491 238.38652 218.68337 206.18253 155.49255
   93  219   92  219   0.00000
   0.17708   0.29519   0.03914   0.05950   0.01882   0.10127
 207.95725 198.13491 238.38652 218.68337 206.18253 155.49255
   93  220   92  220   0.00000
   0.17708   0.29519   0.03914   0.05950   0.01882   0.10127
 207.95725 198.13491 238.38652 218.68337 206.18253 155.49255
   93  221   92  221   0.00000
   0.17708   0.29519   0.03914   0.05950   0.01882   0.10127
 207.95725 198.13491 238.38652 218.68337 206.18253 155.49255
   93  222   92  222   0.00000
   0.17708   0.29519   0.03914   0.05950   0.01882   0.10127
 207.95725 198.13491 238.38652 218.68337 206.18253 155.49255
   93  223   92  223   0.00000
   0.17708   0.29519   0.03914   0.05950   0.01882   0.10127
 207.95725 198.13491 238.38652 218.68337 206.18253 155.49255
   93  224   92  224   0.00000
   0.17708   0.29519   0.03914   0.05950   0.01882   0.10127
 207.95725 198.13491 238.38652 218.68337 206.18253 155.49255
   93  225   92  225   0.00000
   0.17559   0.29375   0.03893   0.05935   0.01881   0.10118
 207.59567 197.90755 237.95980 218.69744 206.21414 155.54877
   93  226   92  226   0.00000
   0.17559   0.29375   0.03893   0.05935   0.01881   0.10118
 207.59567 197.90755 237.95980 218.69744 206.21414 155.54877
   93  227   92  227   0.00000
   0.17559   0.29375   0.03893   0.05935   0.01881   0.10118
 207.59567 197.90755 237.95980 218.69744 206.21414 155.54877
   93  228   92  228   0.00000
   0.17559   0.29375   0.03893   0.05935   0.01881   0.10118
 207.59567 197.90755 237.95980 218.69744 206.21414 155.54877
   93  229   92  229   0.00000
   0.17559   0.29375   0.03893   0.05935   0.01881   0.10118
 207.59567 197.90755 237.95980 218.69744 206.21414 155.54877
   93  230   92  230   0.00000
   0.17559   0.29375   0.03893   0.05935   0.01881   0.10118
 207.59567 197.90755 237.95980 218.69744 206.21414 155.54877
   93  231   92  231   0.00000
   0.17559   0.29375   0.03893   0.05935   0.01881   0.10118
 207.59567 197.90755 237.95980 218.69744 206.21414 155.54877
   93  232   92  232   0.00000
   0.17559   0.29375   0.03893   0.05935   0.01881   0.10118
 207.59567 197.90755 237.95980 218.69744 206.21414 155.54877
   93  233   92  233   0.00000
   0.17559   0.29375   0.03893   0.05935   0.01881   0.10118
 207.59567 197.90755 237.95980 218.69744 206.21414 155.54877
   93  234   92  234   0.00000
   0.17559   0.29375   0.03893   0.05935   0.01881   0.10118
 207.59567 197.90755 237.95980 218.69744 206.21414 155.54877
   93  235   92  235   0.00000
   0.17559   0.29375   0.03893   0.05935   0.01881   0.10118
 207.59567 197.90755 237.95980 218.69744 206.21414 155.54877
   93  236   92  236   0.00000
   0.17559   0.29375   0.03893   0.05935   0.01881   0.10118
 207.59567 197.90755 237.95980 218.69744 206.21414 155.54877
   93  237   92  237   0.00000
   0.17559   0.29375   0.03893   0.05935   0.01881   0.10118
 207.59567 197.90755 237.95980 218.69744 206.21414 155.54877
   93  238   92  238   0.00000
   0.17559   0.29375   0.03893   0.05935   0.01881   0.10118
 207.59567 197.90755 237.95980 218.69744 206.21414 155.54877
   93  239   92  239   0.00000
   0.17559   0.29375   0.03893   0.05935   0.01881   0.10118
 207.59567 197.90755 237.95980 218.69744 206.21414 155.54877
   93  240   92  240   0.00000
   0.17559   0.29375   0.03893   0.05935   0.01881   0.10118
 207.59567 197.90755 237.95980 218.69744 206.21414 155.54877
   93  241   92  241   0.00000
   0.17559   0.29375   0.03893   0.05935   0.01881   0.10118
 207.59567 197.90755 237.95980 218.69744 206.21414 155.54877
   93  242   92  242   0.00000
   0.17559   0.29375   0.03893   0.05935   0.01881   0.10118
 207.59567 197.90755 237.95980 218.69744 206.21414 155.54877
   93  243   92  243   0.00000
   0.17559   0.29375   0.03893   0.05935   0.01881   0.10118
 207.59567 197.90755 237.95980 218.69744 206.21414 155.54877
   93  244   92  244   0.00000
   0.17559   0.29375   0.03893   0.05935   0.01881   0.10118
 207.59567 197.90755 237.95980 218.69744 206.21414 155.54877
   93  245   92  245   0.00000
   0.17403   0.29230   0.03871   0.05920   0.01880   0.10106
 207.27171 197.69555 237.51698 218.71975 206.25436 155.61407
   93  246   92  246   0.00000
   0.17403   0.29230   0.03871   0.05920   0.01880   0.10106
 207.27171 197.69555 237.51698 218.71975 206.25436 155.61407
   93  247   92  247   0.00000
   0.17403   0.29230   0.03871   0.05920   0.01880   0.10106
 207.27171 197.69555 237.51698 218.71975 206.25436 155.61407
   93  248   92  248   0.00000
   0.17403   0.29230   0.03871   0.05920   0.01880   0.10106
 207.27171 197.69555 237.51698 218.71975 206.25436 155.61407
   93  249   92  249   0.00000
   0.17403   0.29230   0.03871   0.05920   0.01880   0.10106
 207.27171 197.69555 237.51698 218.71975 206.25436 155.61407
   93  250   92  250   0.00000
   0.17403   0.29230   0.03871   0.05920   0.01880   0.10106
 207.27171 197.69555 237.51698 218.71975 206.25436 155.61407
   93  251   92  251   0.00000
   0.17403   0.29230   0.03871   0.05920   0.01880   0.10106
 207.27171 197.69555 237.51698 218.71975 206.25436 155.61407
   93  252   92  252   0.00000
   0.17403   0.29230   0.03871   0.05920   0.01880   0.10106
 207.27171 197.69555 237.51698 218.71975 206.25436 155.61407
   93  253   92  253   0.00000
   0.17403   0.29230   0.03871   0.05920   0.01880   0.10106
 207.27171 197.69555 237.51698 218.71975 206.25436 155.61407
   93  254   92  254   0.00000
   0.17403   0.29230   0.03871   0.05920   0.01880   0.10106
 207.27171 197.69555 237.51698 218.71975 206.25436 155.61407
   93  255   92  255   0.00000
   0.17403   0.29230   0.03871   0.05920   0.01880   0.10106
 207.27171 197.69555 237.51698 218.71975 206.25436 155.61407
   93  256   92  256   0.00000
   0.17403   0.29230   0.03871   0.05920   0.01880   0.10106
 207.27171 197.69555 237.51698 218.71975 206.25436 155.61407
   93  257   92  257   0.00000
   0.17403   0.29230   0.03871   0.05920   0.01880   0.10106
 207.27171 197.69555 237.51698 218.71975 206.25436 155.61407
   93  258   92  258   0.00000
   0.17403   0.29230   0.03871   0.05920   0.01880   0.10106
 207.27171 197.69555 237.51698 218.71975 206.25436 155.61407
   93  259   92  259   0.00000
   0.17403   0.29230   0.03871   0.05920   0.01880   0.10106
 207.27171 197.69555 237.51698 218.71975 206.25436 155.61407
   93  260   92  260   0.00000
   0.17403   0.29230   0.03871   0.05920   0.01880   0.10106
 207.27171 197.69555 237.51698 218.71975 206.25436 155.61407
   93  261   92  261   0.00000
   0.17403   0.29230   0.03871   0.05920   0.01880   0.10106
 207.27171 197.69555 237.51698 218.71975 206.25436 155.61407
   93  262   92  262   0.00000
   0.17403   0.29230   0.03871   0.05920   0.01880   0.10106
 207.27171 197.69555 237.51698 218.71975 206.25436 155.61407
   93  263   92  263   0.00000
   0.17403   0.29230   0.03871   0.05920   0.01880   0.10106
 207.27171 197.69555 237.51698 218.71975 206.25436 155.61407
   93  264   92  264   0.00000
   0.17403   0.29230   0.03871   0.05920   0.01880   0.10106
 207.27171 197.69555 237.51698 218.71975 206.25436 155.61407
   93  265   92  265   0.00000
   0.17244   0.29091   0.03849   0.05906   0.01878   0.10093
 206.97577 197.48877 237.04985 218.74734 206.29965 155.68233
   93  266   92  266   0.00000
   0.17244   0.29091   0.03849   0.05906   0.01878   0.10093
 206.97577 197.48877 237.04985 218.74734 206.29965 155.68233
   93  267   92  267   0.00000
   0.17244   0.29091   0.03849   0.05906   0.01878   0.10093
 206.97577 197.48877 237.04985 218.74734 206.29965 155.68233
   93  268   92  268   0.00000
   0.17244   0.29091   0.03849   0.05906   0.01878   0.10093
 206.97577 197.48877 237.04985 218.74734 206.29965 155.68233
   93  269   92  269   0.00000
   0.17244   0.29091   0.03849   0.05906   0.01878   0.10093
 206.97577 197.48877 237.04985 218.74734 206.29965 155.68233
   93  270   92  270   0.00000
   0.17244   0.29091   0.03849   0.05906   0.01878   0.10093
 206.97577 197.48877 237.04985 218.74734 206.29965 155.68233
   93  271   92  271   0.00000
   0.17244   0.29091   0.03849   0.05906   0.01878   0.10093
 206.97577 197.48877 237.04985 218.74734 206.29965 155.68233
   93  272   92  272   0.00000
   0.17244   0.29091   0.03849   0.05906   0.01878   0.10093
 206.97577 197.48877 237.04985 218.74734 206.29965 155.68233
   93  273   92  273   0.00000
   0.17244   0.29091   0.03849   0.05906   0.01878   0.10093
 206.97577 197.48877 237.04985 218.74734 206.29965 155.68233
   93  274   92  274   0.00000
   0.17244   0.29091   0.03849   0.05906   0.01878   0.10093
 206.97577 197.48877 237.04985 218.74734 206.29965 155.68233
   93  275   92  275   0.00000
   0.17244   0.29091   0.03849   0.05906   0.01878   0.10093
 206.97577 197.48877 237.04985 218.74734 206.29965 155.68233
   93  276   92  276   0.00000
   0.17244   0.29091   0.03849   0.05906   0.01878   0.10093
 206.97577 197.48877 237.04985 218.74734 206.29965 155.68233
   93  277   92  277   0.00000
   0.17244   0.29091   0.03849   0.05906   0.01878   0.10093
 206.97577 197.48877 237.04985 218.74734 206.29965 155.68233
   93  278   92  278   0.00000
   0.17244   0.29091   0.03849   0.05906   0.01878   0.10093
 206.97577 197.48877 237.04985 218.74734 206.29965 155.68233
   93  279   92  279   0.00000
   0.17244   0.29091   0.03849   0.05906   0.01878   0.10093
 206.97577 197.48877 237.04985 218.74734 206.29965 155.68233
   93  280   92  280   0.00000
   0.17244   0.29091   0.03849   0.05906   0.01878   0.10093
 206.97577 197.48877 237.04985 218.74734 206.29965 155.68233
   93  281   92  281   0.00000
   0.17244   0.29091   0.03849   0.05906   0.01878   0.10093
 206.97577 197.48877 237.04985 218.74734 206.29965 155.68233
   93  282   92  282   0.00000
   0.17244   0.29091   0.03849   0.05906   0.01878   0.10093
 206.97577 197.48877 237.04985 218.74734 206.29965 155.68233
   93  283   92  283   0.00000
   0.17244   0.29091   0.03849   0.05906   0.01878   0.10093
 206.97577 197.48877 237.04985 218.74734 206.29965 155.68233
   93  284   92  284   0.00000
   0.17097   0.28974   0.03830   0.05894   0.01878   0.10082
 206.70958 197.28714 236.56158 218.78208 206.35280 155.76240
   93  285   92  285   0.00000
   0.17097   0.28974   0.03830   0.05894   0.01878   0.10082
 206.70958 197.28714 236.56158 218.78208 206.35280 155.76240
   93  286   92  286   0.00000
   0.17097   0.28974   0.03830   0.05894   0.01878   0.10082
 206.70958 197.28714 236.56158 218.78208 206.35280 155.76240
   93  287   92  287   0.00000
   0.17097   0.28974   0.03830   0.05894   0.01878   0.10082
 206.70958 197.28714 236.56158 218.78208 206.35280 155.76240
   93  288   92  288   0.00000
   0.17097   0.28974   0.03830   0.05894   0.01878   0.10082
 206.70958 197.28714 236.56158 218.78208 206.35280 155.76240
   93  289   92  289   0.00000
   0.17097   0.28974   0.03830   0.05894   0.01878   0.10082
 206.70958 197.28714 236.56158 218.78208 206.35280 155.76240
   93  290   92  290   0.00000
   0.17097   0.28974   0.03830   0.05894   0.01878   0.10082
 206.70958 197.28714 236.56158 218.78208 206.35280 155.76240
   93  291   92  291   0.00000
   0.17097   0.28974   0.03830   0.05894   0.01878   0.10082
 206.70958 197.28714 236.56158 218.78208 206.35280 155.76240
   93  292   92  292   0.00000
   0.17097   0.28974   0.03830   0.05894   0.01878   0.10082
 206.70958 197.28714 236.56158 218.78208 206.35280 155.76240
   93  293   92  293   0.00000
   0.17097   0.28974   0.03830   0.05894   0.01878   0.10082
 206.70958 197.28714 236.56158 218.78208 206.35280 155.76240
   93  294   92  294   0.00000
   0.17097   0.28974   0.03830   0.05894   0.01878   0.10082
 206.70958 197.28714 236.56158 218.78208 206.35280 155.76240
   93  295   92  295   0.00000
   0.17097   0.28974   0.03830   0.05894   0.01878   0.10082
 206.70958 197.28714 236.56158 218.78208 206.35280 155.76240
   57  296   57  295   0.00000
   0.17653   0.29259   0.03847   0.05867   0.01870   0.10091
 208.07800 198.12088 237.59934 219.13881 206.59064 156.04805
   58  296   58  295   0.00000
   0.17653   0.29259   0.03847   0.05867   0.01870   0.10091
 208.07800 198.12088 237.59934 219.13881 206.59064 156.04805
   59  296   59  295   0.00000
   0.17653   0.29259   0.03847   0.05867   0.01870   0.10091
 208.07800 198.12088 237.59934 219.13881 206.59064 156.04805
   60  296   60  295   0.00000
   0.17653   0.29259   0.03847   0.05867   0.01870   0.10091
 208.07800 198.12088 237.59934 219.13881 206.59064 156.04805
   61  296   61  295   0.00000
   0.17653   0.29259   0.03847   0.05867   0.01870   0.10091
 208.07800 198.12088 237.59934 219.13881 206.59064 156.04805
   62  296   62  295   0.00000
   0.17653   0.29259   0.03847   0.05867   0.01870   0.10091
 208.07800 198.12088 237.59934 219.13881 206.59064 156.04805
   63  296   63  295   0.00000
   0.17474   0.29243   0.03845   0.05881   0.01874   0.10090
 207.55295 197.78105 237.13721 218.99257 206.47130 155.93261
   64  296   64  295   0.00000
   0.17474   0.29243   0.03845   0.05881   0.01874   0.10090
 207.55295 197.78105 237.13721 218.99257 206.47130 155.93261
   65  296   65  295   0.00000
   0.17474   0.29243   0.03845   0.05881   0.01874   0.10090
 207.55295 197.78105 237.13721 218.99257 206.47130 155.93261
   66  296   66  295   0.00000
   0.17474   0.29243   0.03845   0.05881   0.01874   0.10090
 207.55295 197.78105 237.13721 218.99257 206.47130 155.93261
   67  296   67  295   0.00000
   0.17474   0.29243   0.03845   0.05881   0.01874   0.10090
 207.55295 197.78105 237.13721 218.99257 206.47130 155.93261
   68  296   68  295   0.00000
   0.17474   0.29243   0.03845   0.05881   0.01874   0.10090
 207.55295 197.78105 237.13721 218.99257 206.47130 155.93261
   69  296   69  295   0.00000
   0.17474   0.29243   0.03845   0.05881   0.01874   0.10090
 207.55295 197.78105 237.13721 218.99257 206.47130 155.93261
   70  296   70  295   0.00000
   0.17474   0.29243   0.03845   0.05881   0.01874   0.10090
 207.55295 197.78105 237.13721 218.99257 206.47130 155.93261
   71  296   71  295   0.00000
   0.17474   0.29243   0.03845   0.05881   0.01874   0.10090
 207.55295 197.78105 237.13721 218.99257 206.47130 155.93261
   72  296   72  295   0.00000
   0.17474   0.29243   0.03845   0.05881   0.01874   0.10090
 207.55295 197.78105 237.13721 218.99257 206.47130 155.93261
   73  296   73  295   0.00000
   0.17474   0.29243   0.03845   0.05881   0.01874   0.10090
 207.55295 197.78105 237.13721 218.99257 206.47130 155.93261
   74  296   74  295   0.00000
   0.17474   0.29243   0.03845   0.05881   0.01874   0.10090
 207.55295 197.78105 237.13721 218.99257 206.47130 155.93261
   75  296   75  295   0.00000
   0.17474   0.29243   0.03845   0.05881   0.01874   0.10090
 207.55295 197.78105 237.13721 218.99257 206.47130 155.93261
   76  296   76  295   0.00000
   0.17310   0.29148   0.03842   0.05890   0.01876   0.10089
 207.11126 197.52661 236.81160 218.88661 206.41421 155.84966
   77  296   77  295   0.00000
   0.17310   0.29148   0.03842   0.05890   0.01876   0.10089
 207.11126 197.52661 236.81160 218.88661 206.41421 155.84966
   78  296   78  295   0.00000
   0.17310   0.29148   0.03842   0.05890   0.01876   0.10089
 207.11126 197.52661 236.81160 218.88661 206.41421 155.84966
   79  296   79  295   0.00000
   0.17310   0.29148   0.03842   0.05890   0.01876   0.10089
 207.11126 197.52661 236.81160 218.88661 206.41421 155.84966
   80  296   80  295   0.00000
   0.17310   0.29148   0.03842   0.05890   0.01876   0.10089
 207.11126 197.52661 236.81160 218.88661 206.41421 155.84966
   81  296   81  295   0.00000
   0.17310   0.29148   0.03842   0.05890   0.01876   0.10089
 207.11126 197.52661 236.81160 218.88661 206.41421 155.84966
   82  296   82  295   0.00000
   0.17310   0.29148   0.03842   0.05890   0.01876   0.10089
 207.11126 197.52661 236.81160 218.88661 206.41421 155.84966
   83  296   83  295   0.00000
   0.17310   0.29148   0.03842   0.05890   0.01876   0.10089
 207.11126 197.52661 236.81160 218.88661 206.41421 155.84966
   84  296   84  295   0.00000
   0.17310   0.29148   0.03842   0.05890   0.01876   0.10089
 207.11126 197.52661 236.81160 218.88661 206.41421 155.84966
   85  296   85  295   0.00000
   0.17310   0.29148   0.03842   0.05890   0.01876   0.10089
 207.11126 197.52661 236.81160 218.88661 206.41421 155.84966
   86  296   86  295   0.00000
   0.17310   0.29148   0.03842   0.05890   0.01876   0.10089
 207.11126 197.52661 236.81160 218.88661 206.41421 155.84966
   87  296   87  295   0.00000
   0.17310   0.29148   0.03842   0.05890   0.01876   0.10089
 207.11126 197.52661 236.81160 218.88661 206.41421 155.84966
   88  296   88  295   0.00000
   0.17310   0.29148   0.03842   0.05890   0.01876   0.10089
 207.11126 197.52661 236.81160 218.88661 206.41421 155.84966
   89  296   89  295   0.00000
   0.17310   0.29148   0.03842   0.05890   0.01876   0.10089
 207.11126 197.52661 236.81160 218.88661 206.41421 155.84966
   90  296   90  295   0.00000
   0.17097   0.28974   0.03830   0.05894   0.01878   0.10082
 206.70958 197.28714 236.56158 218.78208 206.35280 155.76240
   91  296   91  295   0.00000
   0.17097   0.28974   0.03830   0.05894   0.01878   0.10082
 206.70958 197.28714 236.56158 218.78208 206.35280 155.76240
   92  296   92  295   0.00000
   0.17097   0.28974   0.03830   0.05894   0.01878   0.10082
 206.70958 197.28714 236.56158 218.78208 206.35280 155.76240
