% ESTAÇÃO A - JANEIRO DE 2008
% Dados hidrográficos-Quadratura # 16/01/08
% Serie com 26 perfis # início 05:30 h até 18:00 h
%    Prof. (m)        Temp             Sal            Dens
  0.0000000e+000  2.8303000e+001  3.3414000e+001  1.0218333e+003
 -5.0000000e-001  2.8304000e+001  3.4302000e+001  1.0218552e+003
 -1.0000000e+000  2.8311000e+001  3.4469000e+001  1.0218958e+003
 -1.5000000e+000  2.8332000e+001  3.4524000e+001  1.0219302e+003
 -2.0000000e+000  2.8351000e+001  3.4594000e+001  1.0219766e+003
 -2.5000000e+000  2.8360000e+001  3.4618000e+001  1.0219917e+003
 -3.0000000e+000  2.8372000e+001  3.4635000e+001  1.0220005e+003
 -3.5000000e+000  2.8372000e+001  3.4670000e+001  1.0220268e+003
 -4.0000000e+000  2.8371000e+001  3.4672000e+001  1.0220286e+003
 -4.5000000e+000  2.8366000e+001  3.4679000e+001  1.0220355e+003
 -5.0000000e+000  2.8373000e+001  3.4677000e+001  1.0220317e+003
 -5.5000000e+000  2.8362000e+001  3.4683000e+001  1.0220398e+003
 -6.0000000e+000  2.8345000e+001  3.4698000e+001  1.0220567e+003
 -6.5000000e+000  2.8340000e+001  3.4711000e+001  1.0220681e+003
 -7.0000000e+000  2.8333000e+001  3.4720000e+001  1.0220772e+003
 -7.5000000e+000  2.8340000e+001  3.4727000e+001  1.0220801e+003
 -8.0000000e+000  2.8342000e+001  3.4725000e+001  1.0220780e+003
 -8.5000000e+000  2.8347000e+001  3.4759000e+001  1.0221019e+003
 -9.0000000e+000  2.8340000e+001  3.4770000e+001  1.0221125e+003
 -9.5000000e+000  2.8351000e+001  3.4760000e+001  1.0221013e+003
 -1.0000000e+001  2.8343000e+001  3.4766000e+001  1.0221085e+003
 -1.0500000e+001  2.8353000e+001  3.4762000e+001  1.0221022e+003
 -1.1000000e+001  2.8355000e+001  3.4766000e+001  1.0221045e+003
 -1.1500000e+001  2.8352000e+001  3.4778000e+001  1.0221145e+003
 -1.1900000e+001  2.8364406e+001  3.4776825e+001  1.0221096e+003
  0.0000000e+000  2.8163000e+001  3.4185000e+001  1.0219669e+003
 -5.0000000e-001  2.8148000e+001  3.4409000e+001  1.0219041e+003
 -1.0000000e+000  2.8221000e+001  3.4503000e+001  1.0219509e+003
 -1.5000000e+000  2.8280000e+001  3.4591000e+001  1.0219977e+003
 -2.0000000e+000  2.8292000e+001  3.4628000e+001  1.0220215e+003
 -2.5000000e+000  2.8314000e+001  3.4685000e+001  1.0220571e+003
 -3.0000000e+000  2.8329000e+001  3.4709000e+001  1.0220702e+003
 -3.5000000e+000  2.8344000e+001  3.4718000e+001  1.0220721e+003
 -4.0000000e+000  2.8349000e+001  3.4726000e+001  1.0220764e+003
 -4.5000000e+000  2.8352000e+001  3.4748000e+001  1.0220920e+003
 -5.0000000e+000  2.8351000e+001  3.4753000e+001  1.0220961e+003
 -5.5000000e+000  2.8348000e+001  3.4753000e+001  1.0220970e+003
 -6.0000000e+000  2.8347000e+001  3.4763000e+001  1.0221049e+003
 -6.5000000e+000  2.8340000e+001  3.4761000e+001  1.0221057e+003
 -7.0000000e+000  2.8343000e+001  3.4780000e+001  1.0221190e+003
 -7.5000000e+000  2.8330000e+001  3.4770000e+001  1.0221157e+003
 -8.0000000e+000  2.8321000e+001  3.4770000e+001  1.0221187e+003
 -8.5000000e+000  2.8312000e+001  3.4799000e+001  1.0221435e+003
 -9.0000000e+000  2.8314000e+001  3.4813000e+001  1.0221533e+003
 -9.5000000e+000  2.8312000e+001  3.4830000e+001  1.0221668e+003
 -1.0000000e+001  2.8313000e+001  3.4835000e+001  1.0221702e+003
 -1.0500000e+001  2.8310000e+001  3.4876000e+001  1.0222020e+003
 -1.1000000e+001  2.8318000e+001  3.4876000e+001  1.0221994e+003
 -1.1500000e+001  2.8325000e+001  3.4881000e+001  1.0222008e+003
 -1.2000000e+001  2.8326000e+001  3.4888000e+001  1.0222057e+003
  0.0000000e+000  2.8163000e+001  3.4600000e+001  1.0223635e+003
 -5.0000000e-001  2.8188000e+001  3.4638000e+001  1.0220632e+003
 -1.0000000e+000  2.8214000e+001  3.4663000e+001  1.0220734e+003
 -1.5000000e+000  2.8207000e+001  3.4676000e+001  1.0220855e+003
 -2.0000000e+000  2.8290000e+001  3.4787000e+001  1.0221417e+003
 -2.5000000e+000  2.8336000e+001  3.4863000e+001  1.0221837e+003
 -3.0000000e+000  2.8351000e+001  3.4886000e+001  1.0221960e+003
 -3.5000000e+000  2.8359000e+001  3.4896000e+001  1.0222009e+003
 -4.0000000e+000  2.8368000e+001  3.4904000e+001  1.0222039e+003
 -4.5000000e+000  2.8371000e+001  3.4913000e+001  1.0222097e+003
 -5.0000000e+000  2.8358000e+001  3.4914000e+001  1.0222148e+003
 -5.5000000e+000  2.8336000e+001  3.4916000e+001  1.0222235e+003
 -6.0000000e+000  2.8349000e+001  3.4924000e+001  1.0222252e+003
 -6.5000000e+000  2.8342000e+001  3.4926000e+001  1.0222290e+003
 -7.0000000e+000  2.8334000e+001  3.4923000e+001  1.0222294e+003
 -7.5000000e+000  2.8332000e+001  3.4922000e+001  1.0222293e+003
 -8.0000000e+000  2.8329000e+001  3.4922000e+001  1.0222303e+003
 -8.5000000e+000  2.8325000e+001  3.4924000e+001  1.0222331e+003
 -9.0000000e+000  2.8324000e+001  3.4925000e+001  1.0222342e+003
 -9.5000000e+000  2.8324000e+001  3.4925000e+001  1.0222342e+003
 -1.0000000e+001  2.8319000e+001  3.4947000e+001  1.0222524e+003
 -1.0500000e+001  2.8324000e+001  3.4966000e+001  1.0222650e+003
 -1.1000000e+001  2.8325000e+001  3.4971000e+001  1.0222685e+003
 -1.1500000e+001  2.8322000e+001  3.4981000e+001  1.0222770e+003
 -1.2000000e+001  2.8318000e+001  3.4993000e+001  1.0222873e+003
 -1.2120000e+001  2.8318000e+001  3.4993000e+001  1.0222873e+003
  0.0000000e+000  2.8315000e+001  3.4712000e+001  1.0216280e+003
 -5.0000000e-001  2.8315000e+001  3.4825000e+001  1.0221620e+003
 -1.0000000e+000  2.8345000e+001  3.4901000e+001  1.0222093e+003
 -1.5000000e+000  2.8348000e+001  3.4946000e+001  1.0222421e+003
 -2.0000000e+000  2.8336000e+001  3.4977000e+001  1.0222693e+003
 -2.5000000e+000  2.8332000e+001  3.4987000e+001  1.0222782e+003
 -3.0000000e+000  2.8332000e+001  3.4998000e+001  1.0222864e+003
 -3.5000000e+000  2.8336000e+001  3.5001000e+001  1.0222874e+003
 -4.0000000e+000  2.8331000e+001  3.5021000e+001  1.0223041e+003
 -4.5000000e+000  2.8321000e+001  3.5033000e+001  1.0223164e+003
 -5.0000000e+000  2.8303000e+001  3.5048000e+001  1.0223336e+003
 -5.5000000e+000  2.8292000e+001  3.5056000e+001  1.0223432e+003
 -6.0000000e+000  2.8285000e+001  3.5060000e+001  1.0223485e+003
 -6.5000000e+000  2.8282000e+001  3.5062000e+001  1.0223510e+003
 -7.0000000e+000  2.8275000e+001  3.5063000e+001  1.0223541e+003
 -7.5000000e+000  2.8275000e+001  3.5063000e+001  1.0223541e+003
 -8.0000000e+000  2.8275000e+001  3.5064000e+001  1.0223548e+003
 -8.5000000e+000  2.8277000e+001  3.5064000e+001  1.0223542e+003
 -9.0000000e+000  2.8277000e+001  3.5064000e+001  1.0223542e+003
 -9.5000000e+000  2.8276000e+001  3.5067000e+001  1.0223567e+003
 -1.0000000e+001  2.8276000e+001  3.5066000e+001  1.0223560e+003
 -1.0500000e+001  2.8275000e+001  3.5066000e+001  1.0223563e+003
 -1.1000000e+001  2.8276000e+001  3.5066000e+001  1.0223560e+003
 -1.1500000e+001  2.8274000e+001  3.5067000e+001  1.0223574e+003
 -1.2000000e+001  2.8274000e+001  3.5066000e+001  1.0223566e+003
 -1.2250000e+001  2.8274000e+001  3.5066000e+001  1.0223578e+003
  0.0000000e+000  2.8240000e+001  3.4800000e+001  1.0222150e+003
 -5.0000000e-001  2.8236000e+001  3.4878000e+001  1.0222278e+003
 -1.0000000e+000  2.8239000e+001  3.4906000e+001  1.0222479e+003
 -1.5000000e+000  2.8281000e+001  3.4969000e+001  1.0222814e+003
 -2.0000000e+000  2.8285000e+001  3.5022000e+001  1.0223200e+003
 -2.5000000e+000  2.8256000e+001  3.5162000e+001  1.0224347e+003
 -3.0000000e+000  2.8247000e+001  3.5186000e+001  1.0224557e+003
 -3.5000000e+000  2.8245000e+001  3.5194000e+001  1.0224624e+003
 -4.0000000e+000  2.8244000e+001  3.5198000e+001  1.0224657e+003
 -4.5000000e+000  2.8241000e+001  3.5204000e+001  1.0224712e+003
 -5.0000000e+000  2.8240000e+001  3.5202000e+001  1.0224701e+003
 -5.5000000e+000  2.8244000e+001  3.5209000e+001  1.0224740e+003
 -6.0000000e+000  2.8245000e+001  3.5211000e+001  1.0224752e+003
 -6.5000000e+000  2.8248000e+001  3.5214000e+001  1.0224765e+003
 -7.0000000e+000  2.8248000e+001  3.5222000e+001  1.0224825e+003
 -7.5000000e+000  2.8247000e+001  3.5217000e+001  1.0224790e+003
 -8.0000000e+000  2.8247000e+001  3.5220000e+001  1.0224813e+003
 -8.5000000e+000  2.8246000e+001  3.5221000e+001  1.0224824e+003
 -9.0000000e+000  2.8250000e+001  3.5218000e+001  1.0224788e+003
 -9.5000000e+000  2.8246000e+001  3.5220000e+001  1.0224816e+003
 -1.0000000e+001  2.8248000e+001  3.5218000e+001  1.0224795e+003
 -1.0500000e+001  2.8248000e+001  3.5218000e+001  1.0224795e+003
 -1.1000000e+001  2.8247000e+001  3.5220000e+001  1.0224813e+003
 -1.1500000e+001  2.8247000e+001  3.5221000e+001  1.0224821e+003
 -1.2000000e+001  2.8247000e+001  3.5222000e+001  1.0224828e+003
 -1.2370000e+001  2.8247000e+001  3.5222200e+001  1.0224848e+003
  0.0000000e+000  2.8280000e+001  3.4950000e+001  1.0223000e+003
 -5.0000000e-001  2.8258000e+001  3.5028000e+001  1.0223333e+003
 -1.0000000e+000  2.8244000e+001  3.5188000e+001  1.0224582e+003
 -1.5000000e+000  2.8190000e+001  3.5437000e+001  1.0226632e+003
 -2.0000000e+000  2.8184000e+001  3.5462000e+001  1.0226840e+003
 -2.5000000e+000  2.8185000e+001  3.5468000e+001  1.0226882e+003
 -3.0000000e+000  2.8185000e+001  3.5469000e+001  1.0226889e+003
 -3.5000000e+000  2.8185000e+001  3.5473000e+001  1.0226919e+003
 -4.0000000e+000  2.8183000e+001  3.5473000e+001  1.0226926e+003
 -4.5000000e+000  2.8183000e+001  3.5475000e+001  1.0226941e+003
 -5.0000000e+000  2.8183000e+001  3.5476000e+001  1.0226948e+003
 -5.5000000e+000  2.8180000e+001  3.5473000e+001  1.0226936e+003
 -6.0000000e+000  2.8180000e+001  3.5474000e+001  1.0226943e+003
 -6.5000000e+000  2.8180000e+001  3.5474000e+001  1.0226943e+003
 -7.0000000e+000  2.8180000e+001  3.5476000e+001  1.0226958e+003
 -7.5000000e+000  2.8182000e+001  3.5474000e+001  1.0226937e+003
 -8.0000000e+000  2.8185000e+001  3.5477000e+001  1.0226949e+003
 -8.5000000e+000  2.8185000e+001  3.5480000e+001  1.0226972e+003
 -9.0000000e+000  2.8183000e+001  3.5480000e+001  1.0226978e+003
 -9.5000000e+000  2.8181000e+001  3.5484000e+001  1.0227015e+003
 -1.0000000e+001  2.8180000e+001  3.5488000e+001  1.0227048e+003
 -1.0500000e+001  2.8181000e+001  3.5484000e+001  1.0227015e+003
 -1.1000000e+001  2.8181000e+001  3.5487000e+001  1.0227038e+003
 -1.1500000e+001  2.8180000e+001  3.5487000e+001  1.0227041e+003
 -1.2000000e+001  2.8181000e+001  3.5485000e+001  1.0227023e+003
 -1.2500000e+001  2.8182000e+001  3.5486000e+001  1.0227027e+003
  0.0000000e+000  2.8320000e+001  3.4779000e+001  1.0225100e+003
 -5.0000000e-001  2.8320000e+001  3.5030000e+001  1.0225145e+003
 -1.0000000e+000  2.8245000e+001  3.5317000e+001  1.0225549e+003
 -1.5000000e+000  2.8238000e+001  3.5395000e+001  1.0226158e+003
 -2.0000000e+000  2.8241000e+001  3.5412000e+001  1.0226276e+003
 -2.5000000e+000  2.8247000e+001  3.5532000e+001  1.0227159e+003
 -3.0000000e+000  2.8198000e+001  3.5564000e+001  1.0227561e+003
 -3.5000000e+000  2.8153000e+001  3.5573000e+001  1.0227776e+003
 -4.0000000e+000  2.8067000e+001  3.5581000e+001  1.0228119e+003
 -4.5000000e+000  2.8042000e+001  3.5585000e+001  1.0228231e+003
 -5.0000000e+000  2.8032000e+001  3.5584000e+001  1.0228256e+003
 -5.5000000e+000  2.8020000e+001  3.5585000e+001  1.0228303e+003
 -6.0000000e+000  2.8015000e+001  3.5585000e+001  1.0228319e+003
 -6.5000000e+000  2.7981000e+001  3.5587000e+001  1.0228446e+003
 -7.0000000e+000  2.7961000e+001  3.5584000e+001  1.0228489e+003
 -7.5000000e+000  2.7954000e+001  3.5588000e+001  1.0228542e+003
 -8.0000000e+000  2.7934000e+001  3.5598000e+001  1.0228682e+003
 -8.5000000e+000  2.7940000e+001  3.5597000e+001  1.0228655e+003
 -9.0000000e+000  2.7940000e+001  3.5598000e+001  1.0228663e+003
 -9.5000000e+000  2.7933000e+001  3.5600000e+001  1.0228701e+003
 -1.0000000e+001  2.7926000e+001  3.5603000e+001  1.0228746e+003
 -1.0500000e+001  2.7927000e+001  3.5603000e+001  1.0228743e+003
 -1.1000000e+001  2.7928000e+001  3.5603000e+001  1.0228739e+003
 -1.1500000e+001  2.7934000e+001  3.5598000e+001  1.0228682e+003
 -1.2000000e+001  2.7936000e+001  3.5597000e+001  1.0228668e+003
 -1.2500000e+001  2.7934000e+001  3.5597000e+001  1.0228675e+003
 -1.2620000e+001  2.7934000e+001  3.5597005e+001  1.0228675e+003
  0.0000000e+000  2.8229000e+001  3.5300000e+001  1.0225000e+003
 -5.0000000e-001  2.8229000e+001  3.5338000e+001  1.0225759e+003
 -1.0000000e+000  2.8227000e+001  3.5366000e+001  1.0225977e+003
 -1.5000000e+000  2.8250000e+001  3.5392000e+001  1.0226096e+003
 -2.0000000e+000  2.8267000e+001  3.5402000e+001  1.0226116e+003
 -2.5000000e+000  2.8265000e+001  3.5478000e+001  1.0226694e+003
 -3.0000000e+000  2.8197000e+001  3.5551000e+001  1.0227466e+003
 -3.5000000e+000  2.8174000e+001  3.5579000e+001  1.0227753e+003
 -4.0000000e+000  2.8150000e+001  3.5588000e+001  1.0227899e+003
 -4.5000000e+000  2.8146000e+001  3.5601000e+001  1.0228010e+003
 -5.0000000e+000  2.8133000e+001  3.5615000e+001  1.0228158e+003
 -5.5000000e+000  2.8130000e+001  3.5620000e+001  1.0228205e+003
 -6.0000000e+000  2.8130000e+001  3.5625000e+001  1.0228243e+003
 -6.5000000e+000  2.8115000e+001  3.5635000e+001  1.0228368e+003
 -7.0000000e+000  2.8010000e+001  3.5651000e+001  1.0228832e+003
 -7.5000000e+000  2.7930000e+001  3.5662000e+001  1.0229177e+003
 -8.0000000e+000  2.7889000e+001  3.5668000e+001  1.0229356e+003
 -8.5000000e+000  2.7864000e+001  3.5673000e+001  1.0229475e+003
 -9.0000000e+000  2.7844000e+001  3.5675000e+001  1.0229556e+003
 -9.5000000e+000  2.7827000e+001  3.5677000e+001  1.0229626e+003
 -1.0000000e+001  2.7827000e+001  3.5676000e+001  1.0229619e+003
 -1.0500000e+001  2.7826000e+001  3.5678000e+001  1.0229637e+003
 -1.1000000e+001  2.7826000e+001  3.5677000e+001  1.0229629e+003
 -1.1500000e+001  2.7827000e+001  3.5678000e+001  1.0229634e+003
 -1.2000000e+001  2.7828000e+001  3.5677000e+001  1.0229623e+003
 -1.2500000e+001  2.7826000e+001  3.5679000e+001  1.0229644e+003
 -1.2720000e+001  2.7826000e+001  3.5679000e+001  1.0229644e+003
  0.0000000e+000  2.8270000e+001  3.5424000e+001  1.0226215e+003
 -5.0000000e-001  2.8266000e+001  3.5424000e+001  1.0226284e+003
 -1.0000000e+000  2.8263000e+001  3.5431000e+001  1.0226347e+003
 -1.5000000e+000  2.8260000e+001  3.5456000e+001  1.0226545e+003
 -2.0000000e+000  2.8162000e+001  3.5603000e+001  1.0227972e+003
 -2.5000000e+000  2.8105000e+001  3.5627000e+001  1.0228340e+003
 -3.0000000e+000  2.8094000e+001  3.5630000e+001  1.0228399e+003
 -3.5000000e+000  2.8004000e+001  3.5651000e+001  1.0228852e+003
 -4.0000000e+000  2.7959000e+001  3.5663000e+001  1.0229090e+003
 -4.5000000e+000  2.7958000e+001  3.5666000e+001  1.0229115e+003
 -5.0000000e+000  2.7959000e+001  3.5664000e+001  1.0229097e+003
 -5.5000000e+000  2.7943000e+001  3.5671000e+001  1.0229202e+003
 -6.0000000e+000  2.7930000e+001  3.5677000e+001  1.0229290e+003
 -6.5000000e+000  2.7931000e+001  3.5675000e+001  1.0229271e+003
 -7.0000000e+000  2.7929000e+001  3.5678000e+001  1.0229301e+003
 -7.5000000e+000  2.7929000e+001  3.5676000e+001  1.0229285e+003
 -8.0000000e+000  2.7932000e+001  3.5677000e+001  1.0229283e+003
 -8.5000000e+000  2.7907000e+001  3.5684000e+001  1.0229418e+003
 -9.0000000e+000  2.7887000e+001  3.5690000e+001  1.0229528e+003
 -9.5000000e+000  2.7854000e+001  3.5698000e+001  1.0229696e+003
 -1.0000000e+001  2.7833000e+001  3.5703000e+001  1.0229802e+003
 -1.0500000e+001  2.7806000e+001  3.5716000e+001  1.0229988e+003
 -1.1000000e+001  2.7781000e+001  3.5726000e+001  1.0230145e+003
 -1.1500000e+001  2.7778000e+001  3.5728000e+001  1.0230170e+003
 -1.2000000e+001  2.7779000e+001  3.5728000e+001  1.0230167e+003
 -1.2500000e+001  2.7778000e+001  3.5727000e+001  1.0230162e+003
 -1.2800000e+001  2.7778000e+001  3.5727000e+001  1.0230162e+003
  0.0000000e+000  2.8347000e+001  3.5445000e+001  1.0226160e+003
 -5.0000000e-001  2.8347000e+001  3.5443000e+001  1.0226160e+003
 -1.0000000e+000  2.8342000e+001  3.5440000e+001  1.0226154e+003
 -1.5000000e+000  2.8355000e+001  3.5433000e+001  1.0226059e+003
 -2.0000000e+000  2.8358000e+001  3.5441000e+001  1.0226109e+003
 -2.5000000e+000  2.8273000e+001  3.5611000e+001  1.0227667e+003
 -3.0000000e+000  2.8248000e+001  3.5619000e+001  1.0227810e+003
 -3.5000000e+000  2.8190000e+001  3.5632000e+001  1.0228099e+003
 -4.0000000e+000  2.8163000e+001  3.5631000e+001  1.0228180e+003
 -4.5000000e+000  2.8122000e+001  3.5637000e+001  1.0228360e+003
 -5.0000000e+000  2.7972000e+001  3.5667000e+001  1.0229077e+003
 -5.5000000e+000  2.7932000e+001  3.5669000e+001  1.0229223e+003
 -6.0000000e+000  2.7924000e+001  3.5665000e+001  1.0229219e+003
 -6.5000000e+000  2.7917000e+001  3.5667000e+001  1.0229257e+003
 -7.0000000e+000  2.7900000e+001  3.5667000e+001  1.0229313e+003
 -7.5000000e+000  2.7879000e+001  3.5674000e+001  1.0229434e+003
 -8.0000000e+000  2.7849000e+001  3.5685000e+001  1.0229615e+003
 -8.5000000e+000  2.7842000e+001  3.5688000e+001  1.0229660e+003
 -9.0000000e+000  2.7825000e+001  3.5715000e+001  1.0229919e+003
 -9.5000000e+000  2.7831000e+001  3.5713000e+001  1.0229884e+003
 -1.0000000e+001  2.7822000e+001  3.5720000e+001  1.0229966e+003
 -1.0500000e+001  2.7822000e+001  3.5718000e+001  1.0229951e+003
 -1.1000000e+001  2.7819000e+001  3.5719000e+001  1.0229968e+003
 -1.1500000e+001  2.7820000e+001  3.5720000e+001  1.0229973e+003
 -1.2000000e+001  2.7798000e+001  3.5726000e+001  1.0230090e+003
 -1.2500000e+001  2.7775000e+001  3.5734000e+001  1.0230225e+003
 -1.2860000e+001  2.7775000e+001  3.5734000e+001  1.0230225e+003
  0.0000000e+000  2.8608000e+001  3.5415000e+001  1.0225280e+003
 -5.0000000e-001  2.8608000e+001  3.5441000e+001  1.0225282e+003
 -1.0000000e+000  2.8580000e+001  3.5467000e+001  1.0225570e+003
 -1.5000000e+000  2.8574000e+001  3.5467000e+001  1.0225590e+003
 -2.0000000e+000  2.8569000e+001  3.5473000e+001  1.0225652e+003
 -2.5000000e+000  2.8507000e+001  3.5514000e+001  1.0226165e+003
 -3.0000000e+000  2.8501000e+001  3.5524000e+001  1.0226260e+003
 -3.5000000e+000  2.8473000e+001  3.5544000e+001  1.0226503e+003
 -4.0000000e+000  2.8411000e+001  3.5588000e+001  1.0227039e+003
 -4.5000000e+000  2.8359000e+001  3.5621000e+001  1.0227459e+003
 -5.0000000e+000  2.8332000e+001  3.5636000e+001  1.0227661e+003
 -5.5000000e+000  2.8266000e+001  3.5654000e+001  1.0228014e+003
 -6.0000000e+000  2.8119000e+001  3.5654000e+001  1.0228497e+003
 -6.5000000e+000  2.8108000e+001  3.5656000e+001  1.0228548e+003
 -7.0000000e+000  2.8100000e+001  3.5660000e+001  1.0228605e+003
 -7.5000000e+000  2.8075000e+001  3.5655000e+001  1.0228649e+003
 -8.0000000e+000  2.8043000e+001  3.5659000e+001  1.0228784e+003
 -8.5000000e+000  2.7992000e+001  3.5647000e+001  1.0228861e+003
 -9.0000000e+000  2.7846000e+001  3.5678000e+001  1.0229572e+003
 -9.5000000e+000  2.7842000e+001  3.5679000e+001  1.0229592e+003
 -1.0000000e+001  2.7800000e+001  3.5696000e+001  1.0229857e+003
 -1.0500000e+001  2.7794000e+001  3.5701000e+001  1.0229914e+003
 -1.1000000e+001  2.7791000e+001  3.5704000e+001  1.0229947e+003
 -1.1500000e+001  2.7790000e+001  3.5705000e+001  1.0229958e+003
 -1.2000000e+001  2.7790000e+001  3.5705000e+001  1.0229958e+003
 -1.2500000e+001  2.7783000e+001  3.5714000e+001  1.0230048e+003
 -1.2880000e+001  2.7783000e+001  3.5714000e+001  1.0230057e+003
  0.0000000e+000  2.8669000e+001  3.5243000e+001  1.0223500e+003
 -5.0000000e-001  2.8669000e+001  3.5243000e+001  1.0223592e+003
 -1.0000000e+000  2.8664000e+001  3.5250000e+001  1.0223661e+003
 -1.5000000e+000  2.8611000e+001  3.5250000e+001  1.0223837e+003
 -2.0000000e+000  2.8642000e+001  3.5265000e+001  1.0223846e+003
 -2.5000000e+000  2.8648000e+001  3.5251000e+001  1.0223721e+003
 -3.0000000e+000  2.8639000e+001  3.5259000e+001  1.0223811e+003
 -3.5000000e+000  2.8532000e+001  3.5266000e+001  1.0224219e+003
 -4.0000000e+000  2.8492000e+001  3.5334000e+001  1.0224862e+003
 -4.5000000e+000  2.8218000e+001  3.5485000e+001  1.0226901e+003
 -5.0000000e+000  2.8268000e+001  3.5608000e+001  1.0227661e+003
 -5.5000000e+000  2.8048000e+001  3.5604000e+001  1.0228354e+003
 -6.0000000e+000  2.8005000e+001  3.5639000e+001  1.0228758e+003
 -6.5000000e+000  2.7965000e+001  3.5636000e+001  1.0228867e+003
 -7.0000000e+000  2.7965000e+001  3.5636000e+001  1.0228867e+003
 -7.5000000e+000  2.7934000e+001  3.5624000e+001  1.0228878e+003
 -8.0000000e+000  2.7911000e+001  3.5626000e+001  1.0228968e+003
 -8.5000000e+000  2.7890000e+001  3.5633000e+001  1.0229089e+003
 -9.0000000e+000  2.7883000e+001  3.5636000e+001  1.0229135e+003
 -9.5000000e+000  2.7881000e+001  3.5639000e+001  1.0229164e+003
 -1.0000000e+001  2.7871000e+001  3.5647000e+001  1.0229257e+003
 -1.0500000e+001  2.7851000e+001  3.5657000e+001  1.0229397e+003
 -1.1000000e+001  2.7831000e+001  3.5673000e+001  1.0229583e+003
 -1.1500000e+001  2.7830000e+001  3.5674000e+001  1.0229594e+003
 -1.2000000e+001  2.7827000e+001  3.5676000e+001  1.0229619e+003
 -1.2500000e+001  2.7822000e+001  3.5679000e+001  1.0229658e+003
 -1.2860000e+001  2.7822000e+001  3.5679000e+001  1.0229658e+003
  0.0000000e+000  2.8782000e+001  3.5000000e+001  1.0221312e+003
 -5.0000000e-001  2.8782000e+001  3.5015000e+001  1.0221503e+003
 -1.0000000e+000  2.8783000e+001  3.5028000e+001  1.0221598e+003
 -1.5000000e+000  2.8775000e+001  3.5046000e+001  1.0221759e+003
 -2.0000000e+000  2.8767000e+001  3.5077000e+001  1.0222019e+003
 -2.5000000e+000  2.8738000e+001  3.5163000e+001  1.0222761e+003
 -3.0000000e+000  2.8724000e+001  3.5201000e+001  1.0223093e+003
 -3.5000000e+000  2.8714000e+001  3.5209000e+001  1.0223187e+003
 -4.0000000e+000  2.8621000e+001  3.5237000e+001  1.0223706e+003
 -4.5000000e+000  2.8567000e+001  3.5250000e+001  1.0223982e+003
 -5.0000000e+000  2.8545000e+001  3.5251000e+001  1.0224063e+003
 -5.5000000e+000  2.8277000e+001  3.5336000e+001  1.0225586e+003
 -6.0000000e+000  2.8069000e+001  3.5531000e+001  1.0227736e+003
 -6.5000000e+000  2.8052000e+001  3.5573000e+001  1.0228108e+003
 -7.0000000e+000  2.8037000e+001  3.5576000e+001  1.0228180e+003
 -7.5000000e+000  2.8016000e+001  3.5579000e+001  1.0228271e+003
 -8.0000000e+000  2.7978000e+001  3.5596000e+001  1.0228523e+003
 -8.5000000e+000  2.7951000e+001  3.5610000e+001  1.0228717e+003
 -9.0000000e+000  2.7904000e+001  3.5633000e+001  1.0229044e+003
 -9.5000000e+000  2.7881000e+001  3.5648000e+001  1.0229232e+003
 -1.0000000e+001  2.7870000e+001  3.5651000e+001  1.0229290e+003
 -1.0500000e+001  2.7866000e+001  3.5654000e+001  1.0229326e+003
 -1.1000000e+001  2.7860000e+001  3.5658000e+001  1.0229375e+003
 -1.1500000e+001  2.7856000e+001  3.5662000e+001  1.0229419e+003
 -1.2000000e+001  2.7845000e+001  3.5670000e+001  1.0229515e+003
 -1.2500000e+001  2.7835000e+001  3.5678000e+001  1.0229608e+003
 -1.2840000e+001  2.7835000e+001  3.5678000e+001  1.0229610e+003
  0.0000000e+000  2.8783000e+001  3.4850000e+001  1.0220260e+003
 -5.0000000e-001  2.8791000e+001  3.4854000e+001  1.0220264e+003
 -1.0000000e+000  2.8782000e+001  3.4858000e+001  1.0220324e+003
 -1.5000000e+000  2.8776000e+001  3.4859000e+001  1.0220352e+003
 -2.0000000e+000  2.8754000e+001  3.4888000e+001  1.0220642e+003
 -2.5000000e+000  2.8736000e+001  3.4921000e+001  1.0220950e+003
 -3.0000000e+000  2.8641000e+001  3.4981000e+001  1.0221716e+003
 -3.5000000e+000  2.8491000e+001  3.5028000e+001  1.0222566e+003
 -4.0000000e+000  2.8368000e+001  3.5123000e+001  1.0223685e+003
 -4.5000000e+000  2.8320000e+001  3.5192000e+001  1.0224362e+003
 -5.0000000e+000  2.8262000e+001  3.5264000e+001  1.0225094e+003
 -5.5000000e+000  2.8228000e+001  3.5306000e+001  1.0225522e+003
 -6.0000000e+000  2.8219000e+001  3.5338000e+001  1.0225792e+003
 -6.5000000e+000  2.8224000e+001  3.5353000e+001  1.0225889e+003
 -7.0000000e+000  2.8220000e+001  3.5403000e+001  1.0226278e+003
 -7.5000000e+000  2.8207000e+001  3.5453000e+001  1.0226696e+003
 -8.0000000e+000  2.8154000e+001  3.5492000e+001  1.0227164e+003
 -8.5000000e+000  2.8143000e+001  3.5506000e+001  1.0227305e+003
 -9.0000000e+000  2.8121000e+001  3.5529000e+001  1.0227551e+003
 -9.5000000e+000  2.8083000e+001  3.5547000e+001  1.0227811e+003
 -1.0000000e+001  2.8043000e+001  3.5564000e+001  1.0228070e+003
 -1.0500000e+001  2.8009000e+001  3.5581000e+001  1.0228309e+003
 -1.1000000e+001  2.7972000e+001  3.5601000e+001  1.0228581e+003
 -1.1500000e+001  2.7945000e+001  3.5612000e+001  1.0228752e+003
 -1.2000000e+001  2.7929000e+001  3.5620000e+001  1.0228864e+003
 -1.2500000e+001  2.7877000e+001  3.5651000e+001  1.0229267e+003
 -1.2800000e+001  2.7877000e+001  3.5651000e+001  1.0229267e+003
  0.0000000e+000  2.8913000e+001  3.4580000e+001  1.0217800e+003
 -5.0000000e-001  2.8913000e+001  3.4585000e+001  1.0217838e+003
 -1.0000000e+000  2.8906000e+001  3.4604000e+001  1.0218004e+003
 -1.5000000e+000  2.8899000e+001  3.4601000e+001  1.0218005e+003
 -2.0000000e+000  2.8884000e+001  3.4609000e+001  1.0218115e+003
 -2.5000000e+000  2.8885000e+001  3.4612000e+001  1.0218134e+003
 -3.0000000e+000  2.8871000e+001  3.4614000e+001  1.0218196e+003
 -3.5000000e+000  2.8875000e+001  3.4617000e+001  1.0218205e+003
 -4.0000000e+000  2.8869000e+001  3.4621000e+001  1.0218255e+003
 -4.5000000e+000  2.8858000e+001  3.4630000e+001  1.0218359e+003
 -5.0000000e+000  2.8392000e+001  3.5043000e+001  1.0223005e+003
 -5.5000000e+000  2.8319000e+001  3.5140000e+001  1.0223975e+003
 -6.0000000e+000  2.8299000e+001  3.5166000e+001  1.0224236e+003
 -6.5000000e+000  2.8280000e+001  3.5200000e+001  1.0224554e+003
 -7.0000000e+000  2.8277000e+001  3.5225000e+001  1.0224752e+003
 -7.5000000e+000  2.8235000e+001  3.5288000e+001  1.0225364e+003
 -8.0000000e+000  2.8218000e+001  3.5340000e+001  1.0225811e+003
 -8.5000000e+000  2.8208000e+001  3.5386000e+001  1.0226189e+003
 -9.0000000e+000  2.8054000e+001  3.5533000e+001  1.0227800e+003
 -9.5000000e+000  2.8034000e+001  3.5548000e+001  1.0227979e+003
 -1.0000000e+001  2.8031000e+001  3.5549000e+001  1.0227996e+003
 -1.0500000e+001  2.8027000e+001  3.5551000e+001  1.0228024e+003
 -1.1000000e+001  2.8003000e+001  3.5572000e+001  1.0228261e+003
 -1.1500000e+001  2.7995000e+001  3.5577000e+001  1.0228325e+003
 -1.2000000e+001  2.7988000e+001  3.5578000e+001  1.0228355e+003
 -1.2500000e+001  2.7970000e+001  3.5593000e+001  1.0228527e+003
 -1.2720000e+001  2.7900004e+001  3.5933027e+001  1.0228530e+003
  0.0000000e+000  2.9070000e+001  3.4060000e+001  1.0213400e+003
 -5.0000000e-001  2.9075000e+001  3.4069000e+001  1.0213425e+003
 -1.0000000e+000  2.9065000e+001  3.4074000e+001  1.0213496e+003
 -1.5000000e+000  2.9053000e+001  3.4080000e+001  1.0213581e+003
 -2.0000000e+000  2.9008000e+001  3.4090000e+001  1.0213806e+003
 -2.5000000e+000  2.8927000e+001  3.4141000e+001  1.0214459e+003
 -3.0000000e+000  2.8866000e+001  3.4186000e+001  1.0214999e+003
 -3.5000000e+000  2.8820000e+001  3.4285000e+001  1.0215895e+003
 -4.0000000e+000  2.8809000e+001  3.4357000e+001  1.0216472e+003
 -4.5000000e+000  2.8789000e+001  3.4504000e+001  1.0217642e+003
 -5.0000000e+000  2.8719000e+001  3.4546000e+001  1.0218190e+003
 -5.5000000e+000  2.8674000e+001  3.4674000e+001  1.0219301e+003
 -6.0000000e+000  2.8626000e+001  3.4744000e+001  1.0219985e+003
 -6.5000000e+000  2.8521000e+001  3.4854000e+001  1.0221159e+003
 -7.0000000e+000  2.8440000e+001  3.4897000e+001  1.0221750e+003
 -7.5000000e+000  2.8424000e+001  3.4904000e+001  1.0221855e+003
 -8.0000000e+000  2.8329000e+001  3.5055000e+001  1.0223303e+003
 -8.5000000e+000  2.8286000e+001  3.5126000e+001  1.0223978e+003
 -9.0000000e+000  2.8242000e+001  3.5217000e+001  1.0224807e+003
 -9.5000000e+000  2.8218000e+001  3.5258000e+001  1.0225194e+003
 -1.0000000e+001  2.8199000e+001  3.5296000e+001  1.0225542e+003
 -1.0500000e+001  2.8182000e+001  3.5324000e+001  1.0225809e+003
 -1.1000000e+001  2.8181000e+001  3.5330000e+001  1.0225857e+003
 -1.1500000e+001  2.8148000e+001  3.5384000e+001  1.0226371e+003
 -1.2000000e+001  2.8123000e+001  3.5426000e+001  1.0226769e+003
 -1.2500000e+001  2.8110136e+001  3.5443074e+001  1.0226940e+003
 -1.2590000e+001  2.8100130e+001  3.5445000e+001  1.0226940e+003
  0.0000000e+000  2.9090000e+001  3.2140000e+001  1.0205457e+003
 -5.0000000e-001  2.9089000e+001  3.2340000e+001  1.0206412e+003
 -1.0000000e+000  2.9096000e+001  3.3463000e+001  1.0208809e+003
 -1.5000000e+000  2.9096000e+001  3.3524000e+001  1.0209267e+003
 -2.0000000e+000  2.9095000e+001  3.3666000e+001  1.0210335e+003
 -2.5000000e+000  2.9045000e+001  3.3916000e+001  1.0212377e+003
 -3.0000000e+000  2.8896000e+001  3.4134000e+001  1.0214509e+003
 -3.5000000e+000  2.8778000e+001  3.4188000e+001  1.0215306e+003
 -4.0000000e+000  2.8702000e+001  3.4247000e+001  1.0216001e+003
 -4.5000000e+000  2.8686000e+001  3.4275000e+001  1.0216264e+003
 -5.0000000e+000  2.8677000e+001  3.4346000e+001  1.0216827e+003
 -5.5000000e+000  2.8680000e+001  3.4386000e+001  1.0217118e+003
 -6.0000000e+000  2.8676000e+001  3.4444000e+001  1.0217567e+003
 -6.5000000e+000  2.8669000e+001  3.4488000e+001  1.0217920e+003
 -7.0000000e+000  2.8568000e+001  3.4624000e+001  1.0219276e+003
 -7.5000000e+000  2.8537000e+001  3.4656000e+001  1.0219619e+003
 -8.0000000e+000  2.8480000e+001  3.4761000e+001  1.0220596e+003
 -8.5000000e+000  2.8393000e+001  3.4928000e+001  1.0222137e+003
 -9.0000000e+000  2.8326000e+001  3.5054000e+001  1.0223305e+003
 -9.5000000e+000  2.8264000e+001  3.5161000e+001  1.0224314e+003
 -1.0000000e+001  2.8260000e+001  3.5170000e+001  1.0224394e+003
 -1.0500000e+001  2.8238000e+001  3.5208000e+001  1.0224752e+003
 -1.1000000e+001  2.8233000e+001  3.5218000e+001  1.0224844e+003
 -1.1500000e+001  2.8236000e+001  3.5216000e+001  1.0224819e+003
 -1.2000000e+001  2.8223000e+001  3.5245000e+001  1.0225080e+003
 -1.2430000e+001  2.8223000e+001  3.5295594e+001  1.0225614e+003
  0.0000000e+000  2.9100000e+001  3.3336000e+001  1.0207890e+003
 -5.0000000e-001  2.9106000e+001  3.3346000e+001  1.0207898e+003
 -1.0000000e+000  2.9106000e+001  3.3365000e+001  1.0208041e+003
 -1.5000000e+000  2.9037000e+001  3.3564000e+001  1.0209763e+003
 -2.0000000e+000  2.8967000e+001  3.3728000e+001  1.0211226e+003
 -2.5000000e+000  2.8847000e+001  3.3884000e+001  1.0212796e+003
 -3.0000000e+000  2.8756000e+001  3.3934000e+001  1.0213472e+003
 -3.5000000e+000  2.8714000e+001  3.3962000e+001  1.0213822e+003
 -4.0000000e+000  2.8703000e+001  3.3991000e+001  1.0214076e+003
 -4.5000000e+000  2.8698000e+001  3.4009000e+001  1.0214227e+003
 -5.0000000e+000  2.8693000e+001  3.4084000e+001  1.0214807e+003
 -5.5000000e+000  2.8690000e+001  3.4140000e+001  1.0215237e+003
 -6.0000000e+000  2.8694000e+001  3.4206000e+001  1.0215720e+003
 -6.5000000e+000  2.8703000e+001  3.4236000e+001  1.0215915e+003
 -7.0000000e+000  2.8659000e+001  3.4328000e+001  1.0216752e+003
 -7.5000000e+000  2.8587000e+001  3.4405000e+001  1.0217568e+003
 -8.0000000e+000  2.8455000e+001  3.4684000e+001  1.0220100e+003
 -8.5000000e+000  2.8436000e+001  3.4730000e+001  1.0220508e+003
 -9.0000000e+000  2.8416000e+001  3.4792000e+001  1.0221040e+003
 -9.5000000e+000  2.8407000e+001  3.4813000e+001  1.0221227e+003
 -1.0000000e+001  2.8362000e+001  3.4918000e+001  1.0222164e+003
 -1.0500000e+001  2.8342000e+001  3.4980000e+001  1.0222696e+003
 -1.1000000e+001  2.8327000e+001  3.5014000e+001  1.0223001e+003
 -1.1500000e+001  2.8324000e+001  3.5017000e+001  1.0223034e+003
 -1.2000000e+001  2.8303000e+001  3.5063000e+001  1.0223449e+003
 -1.2250000e+001  2.8290000e+001  3.5146470e+001  1.0224026e+003
  0.0000000e+000  2.9239000e+001  3.1844000e+001  1.0196528e+003
 -5.0000000e-001  2.9244000e+001  3.3006000e+001  1.0204889e+003
 -1.0000000e+000  2.9162000e+001  3.3276000e+001  1.0207187e+003
 -1.5000000e+000  2.9091000e+001  3.3513000e+001  1.0209201e+003
 -2.0000000e+000  2.9056000e+001  3.3581000e+001  1.0209827e+003
 -2.5000000e+000  2.8986000e+001  3.3645000e+001  1.0210540e+003
 -3.0000000e+000  2.8872000e+001  3.3718000e+001  1.0211467e+003
 -3.5000000e+000  2.8819000e+001  3.3744000e+001  1.0211838e+003
 -4.0000000e+000  2.8797000e+001  3.3778000e+001  1.0212166e+003
 -4.5000000e+000  2.8790000e+001  3.3792000e+001  1.0212294e+003
 -5.0000000e+000  2.8783000e+001  3.3819000e+001  1.0212520e+003
 -5.5000000e+000  2.8756000e+001  3.4045000e+001  1.0214306e+003
 -6.0000000e+000  2.8758000e+001  3.4086000e+001  1.0214607e+003
 -6.5000000e+000  2.8740000e+001  3.4142000e+001  1.0215087e+003
 -7.0000000e+000  2.8640000e+001  3.4265000e+001  1.0216341e+003
 -7.5000000e+000  2.8486000e+001  3.4557000e+001  1.0219043e+003
 -8.0000000e+000  2.8441000e+001  3.4694000e+001  1.0220221e+003
 -8.5000000e+000  2.8422000e+001  3.4744000e+001  1.0220659e+003
 -9.0000000e+000  2.8381000e+001  3.4848000e+001  1.0221576e+003
 -9.5000000e+000  2.8352000e+001  3.4927000e+001  1.0222265e+003
 -1.0000000e+001  2.8348000e+001  3.4943000e+001  1.0222398e+003
 -1.0500000e+001  2.8344000e+001  3.4956000e+001  1.0222509e+003
 -1.1000000e+001  2.8335000e+001  3.4982000e+001  1.0222734e+003
 -1.1500000e+001  2.8331000e+001  3.4988000e+001  1.0222793e+003
 -1.2080000e+001  2.8309000e+001  3.5042000e+001  1.0223271e+003
  0.0000000e+000  2.9300000e+001  3.2421000e+001  1.0200317e+003
 -5.0000000e-001  2.9232000e+001  3.3162000e+001  1.0206098e+003
 -1.0000000e+000  2.9055000e+001  3.3453000e+001  1.0208871e+003
 -1.5000000e+000  2.8844000e+001  3.3680000e+001  1.0211274e+003
 -2.0000000e+000  2.8793000e+001  3.3866000e+001  1.0212839e+003
 -2.5000000e+000  2.8782000e+001  3.3921000e+001  1.0213289e+003
 -3.0000000e+000  2.8787000e+001  3.3928000e+001  1.0213325e+003
 -3.5000000e+000  2.8790000e+001  3.3886000e+001  1.0213000e+003
 -4.0000000e+000  2.8802000e+001  3.3850000e+001  1.0212690e+003
 -4.5000000e+000  2.8796000e+001  3.3854000e+001  1.0212739e+003
 -5.0000000e+000  2.8801000e+001  3.3874000e+001  1.0212873e+003
 -5.5000000e+000  2.8802000e+001  3.3862000e+001  1.0212780e+003
 -6.0000000e+000  2.8792000e+001  3.3913000e+001  1.0213196e+003
 -6.5000000e+000  2.8759000e+001  3.4073000e+001  1.0214506e+003
 -7.0000000e+000  2.8687000e+001  3.4224000e+001  1.0215878e+003
 -7.5000000e+000  2.8541000e+001  3.4371000e+001  1.0217465e+003
 -8.0000000e+000  2.8405000e+001  3.4750000e+001  1.0220760e+003
 -8.5000000e+000  2.8387000e+001  3.4827000e+001  1.0221398e+003
 -9.0000000e+000  2.8358000e+001  3.4913000e+001  1.0222140e+003
 -9.5000000e+000  2.8341000e+001  3.4965000e+001  1.0222587e+003
 -1.0000000e+001  2.8331000e+001  3.4990000e+001  1.0222808e+003
 -1.0500000e+001  2.8329000e+001  3.4996000e+001  1.0222859e+003
 -1.1000000e+001  2.8295000e+001  3.5077000e+001  1.0223580e+003
 -1.1500000e+001  2.8307000e+001  3.5054000e+001  1.0223368e+003
 -1.1920000e+001  2.8276673e+001  3.5151247e+001  1.0224199e+003
  0.0000000e+000  2.9400000e+001  3.3129000e+001  1.0204919e+003
 -5.0000000e-001  2.9256000e+001  3.3205000e+001  1.0206341e+003
 -1.0000000e+000  2.9155000e+001  3.3357000e+001  1.0207818e+003
 -1.5000000e+000  2.8942000e+001  3.3552000e+001  1.0209989e+003
 -2.0000000e+000  2.8865000e+001  3.3601000e+001  1.0210612e+003
 -2.5000000e+000  2.8816000e+001  3.3711000e+001  1.0211600e+003
 -3.0000000e+000  2.8818000e+001  3.3784000e+001  1.0212141e+003
 -3.5000000e+000  2.8816000e+001  3.3853000e+001  1.0212666e+003
 -4.0000000e+000  2.8810000e+001  3.3930000e+001  1.0213264e+003
 -4.5000000e+000  2.8782000e+001  3.4036000e+001  1.0214152e+003
 -5.0000000e+000  2.8736000e+001  3.4199000e+001  1.0215528e+003
 -5.5000000e+000  2.8676000e+001  3.4289000e+001  1.0216403e+003
 -6.0000000e+000  2.8669000e+001  3.4290000e+001  1.0216433e+003
 -6.5000000e+000  2.8626000e+001  3.4284000e+001  1.0216530e+003
 -7.0000000e+000  2.8571000e+001  3.4348000e+001  1.0217193e+003
 -7.5000000e+000  2.8514000e+001  3.4475000e+001  1.0218335e+003
 -8.0000000e+000  2.8432000e+001  3.4706000e+001  1.0220341e+003
 -8.5000000e+000  2.8424000e+001  3.4748000e+001  1.0220683e+003
 -9.0000000e+000  2.8422000e+001  3.4760000e+001  1.0220779e+003
 -9.5000000e+000  2.8394000e+001  3.4825000e+001  1.0221360e+003
 -1.0000000e+001  2.8385000e+001  3.4848000e+001  1.0221563e+003
 -1.0500000e+001  2.8358000e+001  3.4949000e+001  1.0222411e+003
 -1.1000000e+001  2.8351000e+001  3.4976000e+001  1.0222637e+003
 -1.1500000e+001  2.8327000e+001  3.5029000e+001  1.0223114e+003
 -1.1820000e+001  2.8327000e+001  3.5024253e+001  1.0223266e+003
  0.0000000e+000  2.9121000e+001  3.2610000e+001  1.0202329e+003
 -5.0000000e-001  2.9121000e+001  3.2640000e+001  1.0202554e+003
 -1.0000000e+000  2.9127000e+001  3.2710000e+001  1.0203059e+003
 -1.5000000e+000  2.9115000e+001  3.2778000e+001  1.0203609e+003
 -2.0000000e+000  2.9031000e+001  3.2881000e+001  1.0204660e+003
 -2.5000000e+000  2.8861000e+001  3.3013000e+001  1.0206214e+003
 -3.0000000e+000  2.8814000e+001  3.3145000e+001  1.0207359e+003
 -3.5000000e+000  2.8792000e+001  3.3293000e+001  1.0208543e+003
 -4.0000000e+000  2.8799000e+001  3.3448000e+001  1.0209682e+003
 -4.5000000e+000  2.8800000e+001  3.3501000e+001  1.0210077e+003
 -5.0000000e+000  2.8800000e+001  3.3530000e+001  1.0210295e+003
 -5.5000000e+000  2.8782000e+001  3.3684000e+001  1.0211510e+003
 -6.0000000e+000  2.8752000e+001  3.3792000e+001  1.0212420e+003
 -6.5000000e+000  2.8725000e+001  3.3950000e+001  1.0213695e+003
 -7.0000000e+000  2.8632000e+001  3.4120000e+001  1.0215279e+003
 -7.5000000e+000  2.8622000e+001  3.4303000e+001  1.0216686e+003
 -8.0000000e+000  2.8565000e+001  3.4373000e+001  1.0217400e+003
 -8.5000000e+000  2.8469000e+001  3.4616000e+001  1.0219542e+003
 -9.0000000e+000  2.8457000e+001  3.4646000e+001  1.0219807e+003
 -9.5000000e+000  2.8430000e+001  3.4718000e+001  1.0220437e+003
 -1.0000000e+001  2.8396000e+001  3.4853000e+001  1.0221564e+003
 -1.0500000e+001  2.8325000e+001  3.5001000e+001  1.0222910e+003
 -1.1000000e+001  2.8303000e+001  3.5061000e+001  1.0223433e+003
 -1.1500000e+001  2.8306000e+001  3.5069000e+001  1.0223484e+003
 -1.1750000e+001  2.8306000e+001  3.5170427e+001  1.0224246e+003
  0.0000000e+000  2.9080000e+001  3.3310000e+001  1.0207740e+003
 -5.0000000e-001  2.9084000e+001  3.3317000e+001  1.0207754e+003
 -1.0000000e+000  2.9077000e+001  3.3335000e+001  1.0207912e+003
 -1.5000000e+000  2.9059000e+001  3.3386000e+001  1.0208355e+003
 -2.0000000e+000  2.9007000e+001  3.3460000e+001  1.0209083e+003
 -2.5000000e+000  2.8919000e+001  3.3587000e+001  1.0210328e+003
 -3.0000000e+000  2.8850000e+001  3.3637000e+001  1.0210932e+003
 -3.5000000e+000  2.8793000e+001  3.3783000e+001  1.0212216e+003
 -4.0000000e+000  2.8782000e+001  3.3973000e+001  1.0213679e+003
 -4.5000000e+000  2.8774000e+001  3.4009000e+001  1.0213976e+003
 -5.0000000e+000  2.8752000e+001  3.4098000e+001  1.0214717e+003
 -5.5000000e+000  2.8728000e+001  3.4179000e+001  1.0215404e+003
 -6.0000000e+000  2.8630000e+001  3.4367000e+001  1.0217140e+003
 -6.5000000e+000  2.8616000e+001  3.4385000e+001  1.0217322e+003
 -7.0000000e+000  2.8599000e+001  3.4395000e+001  1.0217453e+003
 -7.5000000e+000  2.8504000e+001  3.4567000e+001  1.0219059e+003
 -8.0000000e+000  2.8477000e+001  3.4621000e+001  1.0219554e+003
 -8.5000000e+000  2.8455000e+001  3.4659000e+001  1.0219912e+003
 -9.0000000e+000  2.8354000e+001  3.4900000e+001  1.0222056e+003
 -9.5000000e+000  2.8329000e+001  3.4971000e+001  1.0222671e+003
 -1.0000000e+001  2.8306000e+001  3.5025000e+001  1.0223153e+003
 -1.0500000e+001  2.8307000e+001  3.5031000e+001  1.0223195e+003
 -1.1000000e+001  2.8306000e+001  3.5028000e+001  1.0223176e+003
 -1.1500000e+001  2.8305000e+001  3.5036000e+001  1.0223239e+003
 -1.1720000e+001  2.8305000e+001  3.5036100e+001  1.0223245e+003
  0.0000000e+000  2.9048000e+001  3.3220000e+001  1.0207436e+003
 -5.0000000e-001  2.9048000e+001  3.3258000e+001  1.0207431e+003
 -1.0000000e+000  2.9062000e+001  3.3329000e+001  1.0207917e+003
 -1.5000000e+000  2.9058000e+001  3.3340000e+001  1.0208013e+003
 -2.0000000e+000  2.9057000e+001  3.3385000e+001  1.0208354e+003
 -2.5000000e+000  2.9011000e+001  3.3566000e+001  1.0209865e+003
 -3.0000000e+000  2.8915000e+001  3.3839000e+001  1.0212232e+003
 -3.5000000e+000  2.8776000e+001  3.4001000e+001  1.0213909e+003
 -4.0000000e+000  2.8774000e+001  3.4019000e+001  1.0214051e+003
 -4.5000000e+000  2.8768000e+001  3.4027000e+001  1.0214131e+003
 -5.0000000e+000  2.8666000e+001  3.4262000e+001  1.0216233e+003
 -5.5000000e+000  2.8640000e+001  3.4332000e+001  1.0216845e+003
 -6.0000000e+000  2.8613000e+001  3.4388000e+001  1.0217354e+003
 -6.5000000e+000  2.8582000e+001  3.4442000e+001  1.0217862e+003
 -7.0000000e+000  2.8548000e+001  3.4524000e+001  1.0218591e+003
 -7.5000000e+000  2.8500000e+001  3.4618000e+001  1.0219455e+003
 -8.0000000e+000  2.8472000e+001  3.4699000e+001  1.0220156e+003
 -8.5000000e+000  2.8446000e+001  3.4758000e+001  1.0220685e+003
 -9.0000000e+000  2.8413000e+001  3.4835000e+001  1.0221373e+003
 -9.5000000e+000  2.8402000e+001  3.4862000e+001  1.0221612e+003
 -1.0000000e+001  2.8336000e+001  3.4993000e+001  1.0222814e+003
 -1.0500000e+001  2.8278000e+001  3.5120000e+001  1.0223959e+003
 -1.1000000e+001  2.8273000e+001  3.5130000e+001  1.0224051e+003
 -1.1500000e+001  2.8271000e+001  3.5135000e+001  1.0224095e+003
 -1.1730000e+001  2.8271000e+001  3.5135000e+001  1.0224095e+003
  0.0000000e+000  2.9015000e+001  3.3320000e+001  1.0208100e+003
 -5.0000000e-001  2.9015000e+001  3.3336000e+001  1.0208126e+003
 -1.0000000e+000  2.9030000e+001  3.3364000e+001  1.0208286e+003
 -1.5000000e+000  2.9030000e+001  3.3381000e+001  1.0208414e+003
 -2.0000000e+000  2.9045000e+001  3.3435000e+001  1.0208769e+003
 -2.5000000e+000  2.9107000e+001  3.3621000e+001  1.0209958e+003
 -3.0000000e+000  2.9112000e+001  3.3739000e+001  1.0210826e+003
 -3.5000000e+000  2.9090000e+001  3.3956000e+001  1.0212528e+003
 -4.0000000e+000  2.8960000e+001  3.4143000e+001  1.0214364e+003
 -4.5000000e+000  2.8794000e+001  3.4227000e+001  1.0215546e+003
 -5.0000000e+000  2.8609000e+001  3.4409000e+001  1.0217525e+003
 -5.5000000e+000  2.8570000e+001  3.4477000e+001  1.0218165e+003
 -6.0000000e+000  2.8562000e+001  3.4500000e+001  1.0218364e+003
 -6.5000000e+000  2.8548000e+001  3.4541000e+001  1.0218718e+003
 -7.0000000e+000  2.8533000e+001  3.4581000e+001  1.0219068e+003
 -7.5000000e+000  2.8502000e+001  3.4657000e+001  1.0219742e+003
 -8.0000000e+000  2.8466000e+001  3.4766000e+001  1.0220679e+003
 -8.5000000e+000  2.8448000e+001  3.4790000e+001  1.0220919e+003
 -9.0000000e+000  2.8427000e+001  3.4908000e+001  1.0221875e+003
 -9.5000000e+000  2.8335000e+001  3.5072000e+001  1.0223411e+003
 -1.0000000e+001  2.8309000e+001  3.5095000e+001  1.0223669e+003
 -1.0500000e+001  2.8294000e+001  3.5113000e+001  1.0223854e+003
 -1.1000000e+001  2.8292000e+001  3.5115000e+001  1.0223876e+003
 -1.1500000e+001  2.8284000e+001  3.5131000e+001  1.0224022e+003
 -1.1750000e+001  2.8284000e+001  3.5131000e+001  1.0224022e+003
  0.0000000e+000  2.8984000e+001  3.3340000e+001  1.0208810e+003
 -5.0000000e-001  2.8984000e+001  3.3431000e+001  1.0208942e+003
 -1.0000000e+000  2.8984000e+001  3.3479000e+001  1.0209302e+003
 -1.5000000e+000  2.9011000e+001  3.3491000e+001  1.0209302e+003
 -2.0000000e+000  2.9026000e+001  3.3550000e+001  1.0209695e+003
 -2.5000000e+000  2.9045000e+001  3.3597000e+001  1.0209984e+003
 -3.0000000e+000  2.9068000e+001  3.3715000e+001  1.0210793e+003
 -3.5000000e+000  2.9157000e+001  3.3821000e+001  1.0211291e+003
 -4.0000000e+000  2.8992000e+001  3.3969000e+001  1.0212952e+003
 -4.5000000e+000  2.8765000e+001  3.4185000e+001  1.0215327e+003
 -5.0000000e+000  2.8680000e+001  3.4283000e+001  1.0216344e+003
 -5.5000000e+000  2.8666000e+001  3.4315000e+001  1.0216631e+003
 -6.0000000e+000  2.8665000e+001  3.4331000e+001  1.0216754e+003
 -6.5000000e+000  2.8585000e+001  3.4512000e+001  1.0218378e+003
 -7.0000000e+000  2.8555000e+001  3.4592000e+001  1.0219078e+003
 -7.5000000e+000  2.8533000e+001  3.4680000e+001  1.0219812e+003
 -8.0000000e+000  2.8537000e+001  3.4714000e+001  1.0220054e+003
 -8.5000000e+000  2.8543000e+001  3.4741000e+001  1.0220237e+003
 -9.0000000e+000  2.8482000e+001  3.4885000e+001  1.0221521e+003
 -9.5000000e+000  2.8400000e+001  3.5020000e+001  1.0222806e+003
 -1.0000000e+001  2.8369000e+001  3.5053000e+001  1.0223156e+003
 -1.0500000e+001  2.8336000e+001  3.5070000e+001  1.0223393e+003
 -1.1000000e+001  2.8318000e+001  3.5089000e+001  1.0223595e+003
 -1.1500000e+001  2.8311000e+001  3.5097000e+001  1.0223678e+003
 -1.1800000e+001  2.8311000e+001  3.5097000e+001  1.0223678e+003
       0                0               0                0



