  0.0000000e+000 -3.1426887e-001
 -1.0000000e-001 -2.8647678e-001
 -2.0000000e-001 -2.8498480e-001
 -3.0000000e-001 -3.1128517e-001
 -4.0000000e-001 -3.2075720e-001
 -5.0000000e-001 -3.2707865e-001
 -6.0000000e-001 -3.2761471e-001
 -7.0000000e-001 -3.0378619e-001
 -8.0000000e-001 -2.7595220e-001
 -9.0000000e-001 -1.7131095e-001
 -1.0000000e+000  0.0000000e+000
  0.0000000e+000 -2.9996092e-001
 -1.0000000e-001 -3.0677954e-001
 -2.0000000e-001 -3.1477810e-001
 -3.0000000e-001 -3.1595245e-001
 -4.0000000e-001 -3.0726933e-001
 -5.0000000e-001 -2.8780145e-001
 -6.0000000e-001 -2.6159221e-001
 -7.0000000e-001 -2.4735424e-001
 -8.0000000e-001 -2.3280969e-001
 -9.0000000e-001 -1.5520076e-001
 -1.0000000e+000  0.0000000e+000
  0.0000000e+000 -2.8908819e-001
 -1.0000000e-001 -2.7021823e-001
 -2.0000000e-001 -2.6513734e-001
 -3.0000000e-001 -2.6951573e-001
 -4.0000000e-001 -2.5058906e-001
 -5.0000000e-001 -2.2813812e-001
 -6.0000000e-001 -2.1271573e-001
 -7.0000000e-001 -2.1604894e-001
 -8.0000000e-001 -2.1760157e-001
 -9.0000000e-001 -1.4687355e-001
 -1.0000000e+000  0.0000000e+000
  0.0000000e+000 -2.5811389e-001
 -1.0000000e-001 -2.5710537e-001
 -2.0000000e-001 -2.6763813e-001
 -3.0000000e-001 -2.8602830e-001
 -4.0000000e-001 -2.9025999e-001
 -5.0000000e-001 -2.8443657e-001
 -6.0000000e-001 -2.7996497e-001
 -7.0000000e-001 -2.6837389e-001
 -8.0000000e-001 -2.5350353e-001
 -9.0000000e-001 -1.6051858e-001
 -1.0000000e+000  0.0000000e+000
  0.0000000e+000 -3.3765314e-001
 -1.0000000e-001 -3.1355451e-001
 -2.0000000e-001 -2.9786560e-001
 -3.0000000e-001 -2.8763543e-001
 -4.0000000e-001 -2.8369005e-001
 -5.0000000e-001 -2.7548963e-001
 -6.0000000e-001 -2.7239589e-001
 -7.0000000e-001 -2.4972601e-001
 -8.0000000e-001 -2.3446347e-001
 -9.0000000e-001 -1.4654989e-001
 -1.0000000e+000  0.0000000e+000
  0.0000000e+000 -3.4188488e-001
 -1.0000000e-001 -3.3017568e-001
 -2.0000000e-001 -3.2760647e-001
 -3.0000000e-001 -3.1915998e-001
 -4.0000000e-001 -3.0690348e-001
 -5.0000000e-001 -2.9081120e-001
 -6.0000000e-001 -2.8316893e-001
 -7.0000000e-001 -2.7320576e-001
 -8.0000000e-001 -2.5781594e-001
 -9.0000000e-001 -1.6603988e-001
 -1.0000000e+000  0.0000000e+000
  0.0000000e+000 -2.9601904e-001
 -1.0000000e-001 -3.1386576e-001
 -2.0000000e-001 -3.1896092e-001
 -3.0000000e-001 -3.2289134e-001
 -4.0000000e-001 -3.1392423e-001
 -5.0000000e-001 -3.1321214e-001
 -6.0000000e-001 -3.0689608e-001
 -7.0000000e-001 -3.0365256e-001
 -8.0000000e-001 -2.9402155e-001
 -9.0000000e-001 -1.9440938e-001
 -1.0000000e+000  0.0000000e+000
  0.0000000e+000 -3.1330427e-001
 -1.0000000e-001 -3.0921695e-001
 -2.0000000e-001 -3.0033379e-001
 -3.0000000e-001 -3.0216985e-001
 -4.0000000e-001 -2.9315760e-001
 -5.0000000e-001 -2.9536853e-001
 -6.0000000e-001 -2.9266961e-001
 -7.0000000e-001 -2.9646986e-001
 -8.0000000e-001 -2.9230744e-001
 -9.0000000e-001 -1.9003142e-001
 -1.0000000e+000  0.0000000e+000
  0.0000000e+000 -2.2697367e-001
 -1.0000000e-001 -2.2999842e-001
 -2.0000000e-001 -2.4263917e-001
 -3.0000000e-001 -2.5364954e-001
 -4.0000000e-001 -2.6298078e-001
 -5.0000000e-001 -2.6863991e-001
 -6.0000000e-001 -2.6760822e-001
 -7.0000000e-001 -2.6977049e-001
 -8.0000000e-001 -2.5695287e-001
 -9.0000000e-001 -1.7096143e-001
 -1.0000000e+000  0.0000000e+000
  0.0000000e+000 -1.0616547e-001
 -1.0000000e-001 -9.1867825e-002
 -2.0000000e-001 -9.5135534e-002
 -3.0000000e-001 -1.1825724e-001
 -4.0000000e-001 -1.5023307e-001
 -5.0000000e-001 -1.7824097e-001
 -6.0000000e-001 -1.9556457e-001
 -7.0000000e-001 -2.0530921e-001
 -8.0000000e-001 -1.9691215e-001
 -9.0000000e-001 -1.2926773e-001
 -1.0000000e+000  0.0000000e+000
  0.0000000e+000 -2.8659853e-002
 -1.0000000e-001 -3.9438068e-002
 -2.0000000e-001 -5.2078846e-002
 -3.0000000e-001 -6.4190231e-002
 -4.0000000e-001 -8.3696173e-002
 -5.0000000e-001 -9.2923152e-002
 -6.0000000e-001 -1.0263322e-001
 -7.0000000e-001 -1.0941558e-001
 -8.0000000e-001 -1.2033508e-001
 -9.0000000e-001 -8.5197652e-002
 -1.0000000e+000  0.0000000e+000
  0.0000000e+000  5.4330777e-002
 -1.0000000e-001  4.8018889e-002
 -2.0000000e-001  4.2583942e-002
 -3.0000000e-001  4.3977464e-002
 -4.0000000e-001  5.1957841e-002
 -5.0000000e-001  4.7861714e-002
 -6.0000000e-001  2.9849004e-002
 -7.0000000e-001  7.9209030e-003
 -8.0000000e-001 -2.4314347e-003
 -9.0000000e-001 -1.5110836e-003
 -1.0000000e+000  0.0000000e+000
  0.0000000e+000  4.9686885e-002
 -1.0000000e-001  7.9281866e-002
 -2.0000000e-001  9.7494592e-002
 -3.0000000e-001  1.0470218e-001
 -4.0000000e-001  1.0723758e-001
 -5.0000000e-001  1.1759009e-001
 -6.0000000e-001  1.2558084e-001
 -7.0000000e-001  1.2112103e-001
 -8.0000000e-001  1.0888246e-001
 -9.0000000e-001  6.6482892e-002
 -1.0000000e+000  0.0000000e+000
  0.0000000e+000  9.9376231e-002
 -1.0000000e-001  1.0572267e-001
 -2.0000000e-001  1.1399948e-001
 -3.0000000e-001  1.1894760e-001
 -4.0000000e-001  1.3307722e-001
 -5.0000000e-001  1.3531189e-001
 -6.0000000e-001  1.4005179e-001
 -7.0000000e-001  1.2966809e-001
 -8.0000000e-001  1.0948886e-001
 -9.0000000e-001  6.2301819e-002
 -1.0000000e+000  0.0000000e+000
  0.0000000e+000  2.8323778e-001
 -1.0000000e-001  2.3176428e-001
 -2.0000000e-001  2.1626442e-001
 -3.0000000e-001  2.1200613e-001
 -4.0000000e-001  2.0822935e-001
 -5.0000000e-001  1.8618456e-001
 -6.0000000e-001  1.7056484e-001
 -7.0000000e-001  1.4353955e-001
 -8.0000000e-001  1.2491844e-001
 -9.0000000e-001  7.3222499e-002
 -1.0000000e+000  0.0000000e+000
  0.0000000e+000  2.5965544e-001
 -1.0000000e-001  3.2435689e-001
 -2.0000000e-001  3.5354796e-001
 -3.0000000e-001  3.4898291e-001
 -4.0000000e-001  3.0652130e-001
 -5.0000000e-001  2.7200698e-001
 -6.0000000e-001  2.4737887e-001
 -7.0000000e-001  2.2495253e-001
 -8.0000000e-001  1.8875916e-001
 -9.0000000e-001  1.1188422e-001
 -1.0000000e+000  0.0000000e+000
  0.0000000e+000  4.5997846e-001
 -1.0000000e-001  4.7864761e-001
 -2.0000000e-001  4.9019343e-001
 -3.0000000e-001  4.9009101e-001
 -4.0000000e-001  4.5568875e-001
 -5.0000000e-001  4.1074642e-001
 -6.0000000e-001  3.4874082e-001
 -7.0000000e-001  2.9395625e-001
 -8.0000000e-001  2.4028199e-001
 -9.0000000e-001  1.4478313e-001
 -1.0000000e+000  0.0000000e+000
  0.0000000e+000  5.6955085e-001
 -1.0000000e-001  5.8943530e-001
 -2.0000000e-001  5.9455271e-001
 -3.0000000e-001  5.8157129e-001
 -4.0000000e-001  5.5895589e-001
 -5.0000000e-001  5.2076106e-001
 -6.0000000e-001  4.6190537e-001
 -7.0000000e-001  3.9612815e-001
 -8.0000000e-001  3.2348736e-001
 -9.0000000e-001  1.9549530e-001
 -1.0000000e+000  0.0000000e+000
  0.0000000e+000  6.1452685e-001
 -1.0000000e-001  6.3072534e-001
 -2.0000000e-001  6.2072751e-001
 -3.0000000e-001  5.7607775e-001
 -4.0000000e-001  5.1883952e-001
 -5.0000000e-001  4.7688090e-001
 -6.0000000e-001  4.3421260e-001
 -7.0000000e-001  3.7033811e-001
 -8.0000000e-001  2.8943569e-001
 -9.0000000e-001  1.6721199e-001
 -1.0000000e+000  0.0000000e+000
  0.0000000e+000  5.7493226e-001
 -1.0000000e-001  5.5625861e-001
 -2.0000000e-001  5.2905563e-001
 -3.0000000e-001  4.8725107e-001
 -4.0000000e-001  4.3490029e-001
 -5.0000000e-001  3.8585538e-001
 -6.0000000e-001  3.3159684e-001
 -7.0000000e-001  2.6989438e-001
 -8.0000000e-001  1.9627306e-001
 -9.0000000e-001  1.0922231e-001
 -1.0000000e+000  0.0000000e+000
  0.0000000e+000  4.5491785e-001
 -1.0000000e-001  4.3585740e-001
 -2.0000000e-001  3.9771620e-001
 -3.0000000e-001  3.4127974e-001
 -4.0000000e-001  2.8919474e-001
 -5.0000000e-001  2.4387252e-001
 -6.0000000e-001  1.9625616e-001
 -7.0000000e-001  1.3293745e-001
 -8.0000000e-001  7.7086959e-002
 -9.0000000e-001  3.3468013e-002
 -1.0000000e+000  0.0000000e+000
  0.0000000e+000  2.2762445e-001
 -1.0000000e-001  2.2968409e-001
 -2.0000000e-001  2.0293171e-001
 -3.0000000e-001  1.5887478e-001
 -4.0000000e-001  1.1110132e-001
 -5.0000000e-001  6.6467723e-002
 -6.0000000e-001  8.2878162e-003
 -7.0000000e-001 -6.8391353e-002
 -8.0000000e-001 -1.2296469e-001
 -9.0000000e-001 -9.9834774e-002
 -1.0000000e+000  0.0000000e+000
  0.0000000e+000  1.7834507e-001
 -1.0000000e-001  1.5437347e-001
 -2.0000000e-001  1.0992687e-001
 -3.0000000e-001  4.2703332e-002
 -4.0000000e-001 -8.5317853e-004
 -5.0000000e-001 -3.3535218e-002
 -6.0000000e-001 -5.7719275e-002
 -7.0000000e-001 -1.0733215e-001
 -8.0000000e-001 -1.4323389e-001
 -9.0000000e-001 -1.0799831e-001
 -1.0000000e+000  0.0000000e+000
  0.0000000e+000 -1.1387134e-002
 -1.0000000e-001  3.5915815e-003
 -2.0000000e-001 -9.8481468e-003
 -3.0000000e-001 -5.2202247e-002
 -4.0000000e-001 -1.0266575e-001
 -5.0000000e-001 -1.3601896e-001
 -6.0000000e-001 -1.5209065e-001
 -7.0000000e-001 -1.7827150e-001
 -8.0000000e-001 -2.0200558e-001
 -9.0000000e-001 -1.4481745e-001
 -1.0000000e+000  0.0000000e+000
  0.0000000e+000 -3.9511974e-002
 -1.0000000e-001 -4.6610676e-002
 -2.0000000e-001 -6.6774133e-002
 -3.0000000e-001 -9.9800998e-002
 -4.0000000e-001 -1.4420837e-001
 -5.0000000e-001 -1.8309612e-001
 -6.0000000e-001 -2.1550990e-001
 -7.0000000e-001 -2.4382220e-001
 -8.0000000e-001 -2.5227802e-001
 -9.0000000e-001 -1.7083596e-001
 -1.0000000e+000  0.0000000e+000
  0.0000000e+000 -7.4836887e-002
 -1.0000000e-001 -7.5983708e-002
 -2.0000000e-001 -7.5150539e-002
 -3.0000000e-001 -8.1717959e-002
 -4.0000000e-001 -1.1103318e-001
 -5.0000000e-001 -1.3895372e-001
 -6.0000000e-001 -1.6378775e-001
 -7.0000000e-001 -1.7827078e-001
 -8.0000000e-001 -1.9024840e-001
 -9.0000000e-001 -1.2838673e-001
 -1.0000000e+000  0.0000000e+000
