% Início da serie dia 22/08às 08:00 horas
% Caravelas - Estação A - Quadratura 
  8.0000000e+000  0.0000000e+000  2.4450000e+001  3.4000000e+001  1.0227528e+003 -1.6958589e-001  1.1858601e-002
  8.0000000e+000 -1.0000000e-001  2.4572782e+001  3.4037385e+001  1.0227496e+003 -1.7775806e-001  1.9101982e-002
  8.0000000e+000 -2.0000000e-001  2.4609227e+001  3.4191524e+001  1.0228606e+003 -2.1243880e-001 -1.0968606e-002
  8.0000000e+000 -3.0000000e-001  2.4714129e+001  3.4415857e+001  1.0230039e+003 -2.1344235e-001  1.1656788e-002
  8.0000000e+000 -4.0000000e-001  2.4784434e+001  3.4975177e+001  1.0234107e+003 -2.3996345e-001 -4.1885775e-003
  8.0000000e+000 -5.0000000e-001  2.4875198e+001  3.5696435e+001  1.0239339e+003 -3.1778756e-001 -2.7431565e-002
  8.0000000e+000 -6.0000000e-001  2.4885348e+001  3.5756703e+001  1.0239817e+003 -3.4020266e-001 -2.8590085e-002
  8.0000000e+000 -7.0000000e-001  2.4922412e+001  3.5970150e+001  1.0241371e+003 -3.5136008e-001 -2.2057218e-002
  8.0000000e+000 -8.0000000e-001  2.4949660e+001  3.6053202e+001  1.0241968e+003 -3.2773953e-001 -2.0824146e-002
  8.0000000e+000 -9.0000000e-001  2.4970128e+001  3.6121022e+001  1.0242471e+003 -2.8210685e-001 -3.0846327e-002
  8.0000000e+000 -1.0000000e+000  2.4980000e+001  3.6150000e+001  1.0242713e+003  0.0000000e+000  0.0000000e+000
  8.5000000e+000  0.0000000e+000  2.4180000e+001  3.4320000e+001  1.0230751e+003 -1.2761153e-001  2.4805169e-002
  8.5000000e+000 -1.0000000e-001  2.4619107e+001  3.4081952e+001  1.0227695e+003 -1.2470116e-001  2.9489107e-002
  8.5000000e+000 -2.0000000e-001  2.4592137e+001  3.4199360e+001  1.0228716e+003 -1.6293890e-001  2.1613086e-002
  8.5000000e+000 -3.0000000e-001  2.4570327e+001  3.4245503e+001  1.0229184e+003 -2.1368612e-001  2.3715463e-002
  8.5000000e+000 -4.0000000e-001  2.4614560e+001  3.4567757e+001  1.0231540e+003 -2.3955081e-001  3.0039282e-002
  8.5000000e+000 -5.0000000e-001  2.4767858e+001  3.4881153e+001  1.0233501e+003 -2.6051481e-001  1.1669796e-002
  8.5000000e+000 -6.0000000e-001  2.4851855e+001  3.5577989e+001  1.0238569e+003 -3.1704396e-001 -4.4444775e-002
  8.5000000e+000 -7.0000000e-001  2.4921569e+001  3.5958747e+001  1.0241289e+003 -3.0607264e-001 -2.2216609e-002
  8.5000000e+000 -8.0000000e-001  2.4948087e+001  3.6032239e+001  1.0241817e+003 -2.9072910e-001 -1.2755498e-002
  8.5000000e+000 -9.0000000e-001  2.4962254e+001  3.6059016e+001  1.0242029e+003 -3.4964708e-001  1.1823739e-002
  8.5000000e+000 -1.0000000e+000  2.4970000e+001  3.6060000e+001  1.0242066e+003  0.0000000e+000  0.0000000e+000
  9.0000000e+000  0.0000000e+000  2.4530000e+001  3.4260000e+001  1.0229254e+003 -6.4740582e-002  6.2519253e-002
  9.0000000e+000 -1.0000000e-001  2.4651586e+001  3.4216793e+001  1.0228617e+003 -6.2692629e-002  6.5523321e-002
  9.0000000e+000 -2.0000000e-001  2.4650339e+001  3.4248681e+001  1.0228915e+003 -1.0110621e-001  6.3923089e-002
  9.0000000e+000 -3.0000000e-001  2.4639338e+001  3.4237051e+001  1.0228913e+003 -1.3943236e-001  1.7724825e-002
  9.0000000e+000 -4.0000000e-001  2.4649632e+001  3.4295574e+001  1.0229378e+003 -2.1404450e-001 -1.4762147e-002
  9.0000000e+000 -5.0000000e-001  2.4684878e+001  3.4853396e+001  1.0233543e+003 -2.7070022e-001 -5.0678174e-002
  9.0000000e+000 -6.0000000e-001  2.4833721e+001  3.5917384e+001  1.0241192e+003 -2.9823332e-001 -8.5805253e-002
  9.0000000e+000 -7.0000000e-001  2.4951802e+001  3.6050487e+001  1.0241892e+003 -2.6962362e-001 -6.8647764e-002
  9.0000000e+000 -8.0000000e-001  2.4960088e+001  3.6070746e+001  1.0242073e+003 -2.6412192e-001 -5.7084720e-002
  9.0000000e+000 -9.0000000e-001  2.4970980e+001  3.6083521e+001  1.0242190e+003 -2.6783148e-001 -2.7470133e-002
  9.0000000e+000 -1.0000000e+000  2.4970000e+001  3.6120000e+001  1.0242522e+003  0.0000000e+000  0.0000000e+000
  9.5000000e+000  0.0000000e+000  2.3870000e+001  3.4200000e+001  1.0230758e+003 -9.0630779e-002  4.2261826e-002
  9.5000000e+000 -1.0000000e-001  2.4568436e+001  3.4214742e+001  1.0228851e+003 -8.4367868e-002  4.3839452e-002
  9.5000000e+000 -2.0000000e-001  2.4670185e+001  3.4375600e+001  1.0229815e+003 -1.2374105e-001 -1.1896860e-002
  9.5000000e+000 -3.0000000e-001  2.4743357e+001  3.5137420e+001  1.0235408e+003 -1.6121940e-001 -6.5842958e-002
  9.5000000e+000 -4.0000000e-001  2.4946749e+001  3.6048678e+001  1.0241734e+003 -1.4757319e-001 -6.1302235e-002
  9.5000000e+000 -5.0000000e-001  2.4982240e+001  3.6102469e+001  1.0242087e+003 -1.3590879e-001 -4.8141583e-002
  9.5000000e+000 -6.0000000e-001  2.4980570e+001  3.6104060e+001  1.0242156e+003 -1.2703110e-001 -3.1063468e-002
  9.5000000e+000 -7.0000000e-001  2.5015416e+001  3.6201635e+001  1.0242842e+003 -1.4790880e-001 -2.7636819e-003
  9.5000000e+000 -8.0000000e-001  2.5028690e+001  3.6261000e+001  1.0243303e+003 -1.8719735e-001  3.3085682e-002
  9.5000000e+000 -9.0000000e-001  2.5049430e+001  3.6269295e+001  1.0243355e+003 -2.1319961e-001  6.7762556e-002
  9.5000000e+000 -1.0000000e+000  2.5050000e+001  3.6260000e+001  1.0243337e+003  0.0000000e+000  0.0000000e+000
  1.0000000e+001  0.0000000e+000  2.4170000e+001  3.4660000e+001  1.0233353e+003 -1.3680806e-002  3.7587705e-002
  1.0000000e+001 -1.0000000e-001  2.4704423e+001  3.4503793e+001  1.0230627e+003  1.8305580e-003  4.0135281e-002
  1.0000000e+001 -2.0000000e-001  2.4699948e+001  3.4588707e+001  1.0231337e+003 -5.4655727e-002 -3.6039693e-002
  1.0000000e+001 -3.0000000e-001  2.4742303e+001  3.5011932e+001  1.0234463e+003 -1.4076384e-001 -6.8238724e-002
  1.0000000e+001 -4.0000000e-001  2.4927225e+001  3.5938691e+001  1.0240963e+003 -9.8145878e-002 -6.6443560e-002
  1.0000000e+001 -5.0000000e-001  2.5030858e+001  3.6207214e+001  1.0242731e+003 -1.2436859e-001 -5.1903133e-002
  1.0000000e+001 -6.0000000e-001  2.5030256e+001  3.6279048e+001  1.0243330e+003 -1.5362647e-001 -6.0678305e-003
  1.0000000e+001 -7.0000000e-001  2.5010879e+001  3.6308021e+001  1.0243662e+003 -1.7900479e-001 -5.8176422e-003
  1.0000000e+001 -8.0000000e-001  2.4980390e+001  3.6358761e+001  1.0244193e+003 -1.9383225e-001  5.4417951e-002
  1.0000000e+001 -9.0000000e-001  2.4979150e+001  3.6409513e+001  1.0244634e+003 -2.0022165e-001  6.9012556e-002
  1.0000000e+001 -1.0000000e+000  2.4990000e+001  3.6420000e+001  1.0244734e+003  0.0000000e+000  0.0000000e+000
  1.0500000e+001  0.0000000e+000  2.4400000e+001  3.4870000e+001  1.0234257e+003 -5.9990862e-002  1.0471444e-003
  1.0500000e+001 -1.0000000e-001  2.4676196e+001  3.4684184e+001  1.0232077e+003 -6.2096556e-002  2.4672716e-002
  1.0500000e+001 -2.0000000e-001  2.4679424e+001  3.4832906e+001  1.0233246e+003 -1.0655407e-001 -2.0753297e-002
  1.0500000e+001 -3.0000000e-001  2.4774160e+001  3.5519299e+001  1.0238204e+003 -1.3380841e-001 -3.1018246e-002
  1.0500000e+001 -4.0000000e-001  2.4943715e+001  3.6068056e+001  1.0241894e+003 -1.4877486e-001 -2.1389134e-002
  1.0500000e+001 -5.0000000e-001  2.4979192e+001  3.6236516e+001  1.0243113e+003 -1.6439982e-001 -2.2596388e-002
  1.0500000e+001 -6.0000000e-001  2.4918441e+001  3.6298365e+001  1.0243821e+003 -2.3058454e-001 -1.9567616e-002
  1.0500000e+001 -7.0000000e-001  2.4909232e+001  3.6431109e+001  1.0244907e+003 -2.1467388e-001 -7.9351423e-003
  1.0500000e+001 -8.0000000e-001  2.4930891e+001  3.6471305e+001  1.0245199e+003 -2.1550558e-001  1.0584345e-002
  1.0500000e+001 -9.0000000e-001  2.4950657e+001  3.6501566e+001  1.0245421e+003 -1.7206278e-001  4.3599215e-002
  1.0500000e+001 -1.0000000e+000  2.4950000e+001  3.6510000e+001  1.0245541e+003  0.0000000e+000  0.0000000e+000
  1.1000000e+001  0.0000000e+000  2.4730000e+001  3.5000000e+001  1.0234248e+003  5.2976856e-002  2.8168294e-002
  1.1000000e+001 -1.0000000e-001  2.4836564e+001  3.5477006e+001  1.0237587e+003  6.0051167e-002  3.4496485e-002
  1.1000000e+001 -2.0000000e-001  2.4952044e+001  3.5919137e+001  1.0240634e+003  5.1196827e-002  9.9483135e-003
  1.1000000e+001 -3.0000000e-001  2.5004209e+001  3.6124321e+001  1.0242082e+003  5.5165412e-002 -1.7641774e-002
  1.1000000e+001 -4.0000000e-001  2.5037843e+001  3.6212751e+001  1.0242702e+003 -1.2210116e-002  1.8622058e-002
  1.1000000e+001 -5.0000000e-001  2.4926004e+001  3.6314058e+001  1.0243864e+003 -5.5398665e-002 -8.8349264e-003
  1.1000000e+001 -6.0000000e-001  2.4898183e+001  3.6378505e+001  1.0244491e+003 -7.2261654e-002  1.3016369e-002
  1.1000000e+001 -7.0000000e-001  2.4916926e+001  3.6506491e+001  1.0245457e+003 -9.1957338e-002 -4.5392005e-003
  1.1000000e+001 -8.0000000e-001  2.4929935e+001  3.6524480e+001  1.0245607e+003 -7.2424429e-002  4.7329172e-002
  1.1000000e+001 -9.0000000e-001  2.4938043e+001  3.6535418e+001  1.0245719e+003 -7.1247116e-002  3.5138442e-002
  1.1000000e+001 -1.0000000e+000  2.4940000e+001  3.6560000e+001  1.0245954e+003  0.0000000e+000  0.0000000e+000
  1.1500000e+001  0.0000000e+000  2.4840000e+001  3.5050000e+001  1.0234294e+003  1.1346223e-001  3.9068179e-002
  1.1500000e+001 -1.0000000e-001  2.4900312e+001  3.4888145e+001  1.0232942e+003  1.0400489e-001  5.0430144e-002
  1.1500000e+001 -2.0000000e-001  2.4890847e+001  3.5203345e+001  1.0235409e+003  1.7222083e-001  6.8508459e-003
  1.1500000e+001 -3.0000000e-001  2.4989616e+001  3.6013197e+001  1.0241287e+003  2.0949524e-001  2.5457304e-002
  1.1500000e+001 -4.0000000e-001  2.5020558e+001  3.6167102e+001  1.0242411e+003  1.9918636e-001  1.3797096e-002
  1.1500000e+001 -5.0000000e-001  2.5003561e+001  3.6269374e+001  1.0243291e+003  1.5132292e-001 -6.8395618e-004
  1.1500000e+001 -6.0000000e-001  2.4967020e+001  3.6345206e+001  1.0244031e+003  9.3788393e-002 -1.9254434e-002
  1.1500000e+001 -7.0000000e-001  2.4941766e+001  3.6413659e+001  1.0244681e+003  4.5864504e-002 -1.9769851e-002
  1.1500000e+001 -8.0000000e-001  2.4929648e+001  3.6486952e+001  1.0245327e+003  2.0529005e-002 -1.0607399e-002
  1.1500000e+001 -9.0000000e-001  2.4919901e+001  3.6558881e+001  1.0245956e+003  1.2893861e-002  3.6563011e-003
  1.1500000e+001 -1.0000000e+000  2.4920000e+001  3.6580000e+001  1.0246171e+003  0.0000000e+000  0.0000000e+000
  1.2000000e+001  0.0000000e+000  2.5000000e+001  3.5400000e+001  1.0236454e+003  9.8162718e-002 -1.9080900e-002
  1.2000000e+001 -1.0000000e-001  2.4985347e+001  3.5286345e+001  1.0235694e+003  8.6275138e-002 -1.8873965e-002
  1.2000000e+001 -2.0000000e-001  2.4969841e+001  3.5308312e+001  1.0235964e+003  1.3200984e-001 -7.5600621e-003
  1.2000000e+001 -3.0000000e-001  2.4979800e+001  3.5680502e+001  1.0238802e+003  1.6897958e-001 -1.0010304e-002
  1.2000000e+001 -4.0000000e-001  2.5003629e+001  3.6130683e+001  1.0242189e+003  1.6838720e-001  4.6455723e-003
  1.2000000e+001 -5.0000000e-001  2.4992545e+001  3.6140757e+001  1.0242354e+003  1.0153340e-001  4.0284555e-002
  1.2000000e+001 -6.0000000e-001  2.4983224e+001  3.6310895e+001  1.0243724e+003  1.0322169e-001  2.3931594e-002
  1.2000000e+001 -7.0000000e-001  2.4950367e+001  3.6388427e+001  1.0244466e+003  6.6354954e-002 -4.2979438e-002
  1.2000000e+001 -8.0000000e-001  2.4931521e+001  3.6501127e+001  1.0245432e+003  1.1168227e-002 -2.6599450e-002
  1.2000000e+001 -9.0000000e-001  2.4920150e+001  3.6535926e+001  1.0245786e+003  4.6638718e-003 -2.1519184e-002
  1.2000000e+001 -1.0000000e+000  2.4920000e+001  3.6580000e+001  1.0246174e+003  0.0000000e+000  0.0000000e+000
  1.2500000e+001  0.0000000e+000  2.5070000e+001  3.5040000e+001  1.0233520e+003  8.2903757e-002 -5.5919290e-002
  1.2500000e+001 -1.0000000e-001  2.5071450e+001  3.4976139e+001  1.0233089e+003  8.3248510e-002 -6.2216768e-002
  1.2500000e+001 -2.0000000e-001  2.5069779e+001  3.4979194e+001  1.0233172e+003  9.3956769e-002 -5.8494896e-002
  1.2500000e+001 -3.0000000e-001  2.5058628e+001  3.5023376e+001  1.0233595e+003  1.4827572e-001 -5.6137219e-002
  1.2500000e+001 -4.0000000e-001  2.4956460e+001  3.5803584e+001  1.0239860e+003  1.8643367e-001 -1.6377701e-002
  1.2500000e+001 -5.0000000e-001  2.4998956e+001  3.6095805e+001  1.0241996e+003  1.3557617e-001 -3.2228691e-002
  1.2500000e+001 -6.0000000e-001  2.4989020e+001  3.6243284e+001  1.0243197e+003  1.1509485e-001 -2.7234310e-002
  1.2500000e+001 -7.0000000e-001  2.4990019e+001  3.6320998e+001  1.0243837e+003  9.9815705e-002 -3.6571553e-002
  1.2500000e+001 -8.0000000e-001  2.4936948e+001  3.6463729e+001  1.0245134e+003  8.7652662e-002  1.6146582e-002
  1.2500000e+001 -9.0000000e-001  2.4938586e+001  3.6521601e+001  1.0245622e+003  4.5976348e-002 -1.1409344e-002
  1.2500000e+001 -1.0000000e+000  2.4930000e+001  3.6580000e+001  1.0246146e+003  0.0000000e+000  0.0000000e+000
  1.3000000e+001  0.0000000e+000  2.4750000e+001  3.4510000e+001  1.0230484e+003  1.3106433e-001 -9.1772230e-002
  1.3000000e+001 -1.0000000e-001  2.4859763e+001  3.4407754e+001  1.0229435e+003  1.3518505e-001 -1.0386304e-001
  1.3000000e+001 -2.0000000e-001  2.4859392e+001  3.4417907e+001  1.0229569e+003  1.8104808e-001 -8.8396243e-002
  1.3000000e+001 -3.0000000e-001  2.4844034e+001  3.4473567e+001  1.0230092e+003  2.3766424e-001 -2.1392950e-002
  1.3000000e+001 -4.0000000e-001  2.5004463e+001  3.6175748e+001  1.0242529e+003  2.7462193e-001  2.4280066e-002
  1.3000000e+001 -5.0000000e-001  2.5010061e+001  3.6150163e+001  1.0242374e+003  2.7827766e-001  4.6370518e-003
  1.3000000e+001 -6.0000000e-001  2.4999228e+001  3.6180498e+001  1.0242693e+003  2.7121270e-001  2.3908804e-002
  1.3000000e+001 -7.0000000e-001  2.5011614e+001  3.6267912e+001  1.0243372e+003  2.0882780e-001  1.8781415e-002
  1.3000000e+001 -8.0000000e-001  2.5013900e+001  3.6343294e+001  1.0243990e+003  1.7868427e-001  1.2796431e-002
  1.3000000e+001 -9.0000000e-001  2.4966202e+001  3.6443799e+001  1.0244952e+003  1.4518389e-001  1.3923857e-002
  1.3000000e+001 -1.0000000e+000  2.4950000e+001  3.6550000e+001  1.0245861e+003  0.0000000e+000  0.0000000e+000
  1.3500000e+001  0.0000000e+000  2.4720000e+001  3.4230000e+001  1.0228458e+003  2.7995735e-001 -4.8866738e-003
  1.3500000e+001 -1.0000000e-001  2.4868714e+001  3.4189476e+001  1.0227760e+003  2.8080416e-001 -1.6765207e-003
  1.3500000e+001 -2.0000000e-001  2.4881398e+001  3.4245846e+001  1.0228203e+003  2.6747622e-001 -2.0709557e-002
  1.3500000e+001 -3.0000000e-001  2.4906391e+001  3.4883262e+001  1.0233001e+003  2.9835657e-001  3.1358539e-002
  1.3500000e+001 -4.0000000e-001  2.4989075e+001  3.5846300e+001  1.0240086e+003  2.7457033e-001  5.2376085e-002
  1.3500000e+001 -5.0000000e-001  2.5000000e+001  3.6000000e+001  1.0241270e+003  2.4116497e-001  1.0838509e-002
  1.3500000e+001 -6.0000000e-001  2.4982653e+001  3.6092600e+001  1.0242080e+003  2.4038657e-001 -8.9443835e-003
  1.3500000e+001 -7.0000000e-001  2.4959712e+001  3.6184215e+001  1.0242899e+003  1.5934174e-001  5.0780105e-003
  1.3500000e+001 -8.0000000e-001  2.4988793e+001  3.6360717e+001  1.0244200e+003  8.8033284e-002 -1.8712052e-002
  1.3500000e+001 -9.0000000e-001  2.4964712e+001  3.6454760e+001  1.0245042e+003  7.9860553e-003 -8.3438901e-003
  1.3500000e+001 -1.0000000e+000  2.4940000e+001  3.6570000e+001  1.0246045e+003  0.0000000e+000  0.0000000e+000
  1.4000000e+001  0.0000000e+000  2.4760000e+001  3.4050000e+001  1.0226977e+003  2.6995888e-001 -4.7121497e-003
  1.4000000e+001 -1.0000000e-001  2.4908747e+001  3.4067902e+001  1.0226720e+003  2.6800097e-001 -8.6147266e-003
  1.4000000e+001 -2.0000000e-001  2.4929812e+001  3.4088495e+001  1.0226868e+003  3.1173951e-001 -4.2259006e-002
  1.4000000e+001 -3.0000000e-001  2.4948529e+001  3.4105115e+001  1.0226993e+003  3.0970613e-001 -1.0984718e-002
  1.4000000e+001 -4.0000000e-001  2.4906415e+001  3.4816621e+001  1.0232552e+003  3.2087874e-001  4.8960004e-002
  1.4000000e+001 -5.0000000e-001  2.4920567e+001  3.5825382e+001  1.0240192e+003  2.8429425e-001  2.7061261e-002
  1.4000000e+001 -6.0000000e-001  2.4967770e+001  3.6062154e+001  1.0241894e+003  2.5018509e-001  1.6852208e-002
  1.4000000e+001 -7.0000000e-001  2.4959108e+001  3.6136592e+001  1.0242539e+003  2.1458952e-001  5.6032091e-003
  1.4000000e+001 -8.0000000e-001  2.4950932e+001  3.6192178e+001  1.0243041e+003  1.8055409e-001 -3.6356694e-003
  1.4000000e+001 -9.0000000e-001  2.4962987e+001  3.6251525e+001  1.0243509e+003  1.2185915e-001 -6.3043857e-003
  1.4000000e+001 -1.0000000e+000  2.4970000e+001  3.6320000e+001  1.0244061e+003  0.0000000e+000  0.0000000e+000
  1.4500000e+001  0.0000000e+000  2.4650000e+001  3.4390000e+001  1.0229877e+003  2.5679897e-001 -4.0672961e-002
  1.4500000e+001 -1.0000000e-001  2.4967947e+001  3.3948316e+001  1.0225637e+003  2.5579509e-001 -4.1397108e-002
  1.4500000e+001 -2.0000000e-001  2.5004199e+001  3.4160907e+001  1.0227190e+003  2.4338292e-001 -2.8812314e-002
  1.4500000e+001 -3.0000000e-001  2.5064740e+001  3.4413646e+001  1.0228971e+003  2.4937660e-001 -1.3368395e-002
  1.4500000e+001 -4.0000000e-001  2.4920906e+001  3.5004363e+001  1.0233927e+003  2.8958082e-001  2.8766791e-002
  1.4500000e+001 -5.0000000e-001  2.4909684e+001  3.5734883e+001  1.0239540e+003  2.3426564e-001  1.1464322e-002
  1.4500000e+001 -6.0000000e-001  2.4947237e+001  3.6062218e+001  1.0241957e+003  1.9518925e-001 -7.8743534e-003
  1.4500000e+001 -7.0000000e-001  2.4940245e+001  3.6083717e+001  1.0242197e+003  1.5131630e-001 -8.9161192e-003
  1.4500000e+001 -8.0000000e-001  2.4939944e+001  3.6122271e+001  1.0242545e+003  8.9095565e-002 -1.6551968e-002
  1.4500000e+001 -9.0000000e-001  2.4943155e+001  3.6222167e+001  1.0243347e+003  4.4719174e-002 -1.1429558e-003
  1.4500000e+001 -1.0000000e+000  2.4950000e+001  3.6250000e+001  1.0243592e+003  0.0000000e+000  0.0000000e+000
  1.5000000e+001  0.0000000e+000  2.4840000e+001  3.4320000e+001  1.0228776e+003  1.6935310e-001 -1.4816476e-002
  1.5000000e+001 -1.0000000e-001  2.5046794e+001  3.4029179e+001  1.0226010e+003  1.7144159e-001 -1.9213780e-002
  1.5000000e+001 -2.0000000e-001  2.5054308e+001  3.4082608e+001  1.0226446e+003  2.1928677e-001 -2.6049354e-002
  1.5000000e+001 -3.0000000e-001  2.4972542e+001  3.4648194e+001  1.0231023e+003  2.7995802e-001  9.7684532e-003
  1.5000000e+001 -4.0000000e-001  2.4906304e+001  3.5158640e+001  1.0235138e+003  2.7806713e-001 -5.0555990e-003
  1.5000000e+001 -5.0000000e-001  2.4899710e+001  3.5827974e+001  1.0240274e+003  2.3057799e-001 -2.0450193e-002
  1.5000000e+001 -6.0000000e-001  2.4915493e+001  3.5967977e+001  1.0241341e+003  1.7148492e-001 -2.3049733e-002
  1.5000000e+001 -7.0000000e-001  2.4930699e+001  3.6050572e+001  1.0241975e+003  1.2864338e-001 -2.3186142e-002
  1.5000000e+001 -8.0000000e-001  2.4930064e+001  3.6111193e+001  1.0242491e+003  9.6892871e-002 -2.6249160e-002
  1.5000000e+001 -9.0000000e-001  2.4929413e+001  3.6192132e+001  1.0243161e+003  3.1553081e-002 -3.0724794e-002
  1.5000000e+001 -1.0000000e+000  2.4940000e+001  3.6240000e+001  1.0243546e+003  0.0000000e+000  0.0000000e+000
  1.5500000e+001  0.0000000e+000  2.4500000e+001  3.4150000e+001  1.0228512e+003  6.8205905e-002 -1.5746574e-002
  1.5500000e+001 -1.0000000e-001  2.4923236e+001  3.3904189e+001  1.0225439e+003  7.2964306e-002 -1.9129172e-002
  1.5500000e+001 -2.0000000e-001  2.4962967e+001  3.3957042e+001  1.0225774e+003  1.4195792e-001  5.0284985e-003
  1.5500000e+001 -3.0000000e-001  2.4944326e+001  3.4630339e+001  1.0230973e+003  2.0051075e-001  1.0859748e-002
  1.5500000e+001 -4.0000000e-001  2.4898422e+001  3.5620904e+001  1.0238656e+003  1.8405870e-001 -1.0978993e-002
  1.5500000e+001 -5.0000000e-001  2.4900690e+001  3.5906030e+001  1.0240861e+003  1.0095057e-001  1.0919294e-002
  1.5500000e+001 -6.0000000e-001  2.4907152e+001  3.5977773e+001  1.0241440e+003  6.1822823e-002 -2.2438162e-003
  1.5500000e+001 -7.0000000e-001  2.4900571e+001  3.6029754e+001  1.0241908e+003  1.7773021e-002  1.1542555e-002
  1.5500000e+001 -8.0000000e-001  2.4908757e+001  3.6098537e+001  1.0242459e+003 -1.4547565e-002  1.1229955e-002
  1.5500000e+001 -9.0000000e-001  2.4919346e+001  3.6141489e+001  1.0242807e+003 -5.0941379e-002  1.2188629e-003
  1.5500000e+001 -1.0000000e+000  2.4940000e+001  3.6490000e+001  1.0245436e+003  0.0000000e+000  0.0000000e+000
  1.6000000e+001  0.0000000e+000  2.3880000e+001  3.3680000e+001  1.0226793e+003  4.9513403e-002  6.9586550e-003
  1.6000000e+001 -1.0000000e-001  2.4920838e+001  3.4032622e+001  1.0226416e+003  4.3182256e-002  1.0428994e-002
  1.6000000e+001 -2.0000000e-001  2.4970241e+001  3.4323682e+001  1.0228521e+003  1.4523715e-001  2.5517467e-002
  1.6000000e+001 -3.0000000e-001  2.4955885e+001  3.4657193e+001  1.0231140e+003  1.5043141e-001 -5.2900760e-003
  1.6000000e+001 -4.0000000e-001  2.4896936e+001  3.5645538e+001  1.0238846e+003  7.8355184e-002 -4.4561406e-002
  1.6000000e+001 -5.0000000e-001  2.4900318e+001  3.5925268e+001  1.0241006e+003  5.6455543e-002 -2.0828614e-002
  1.6000000e+001 -6.0000000e-001  2.4905158e+001  3.5980472e+001  1.0241464e+003  1.3897117e-002  1.3619435e-003
  1.6000000e+001 -7.0000000e-001  2.4909913e+001  3.6030134e+001  1.0241880e+003 -1.1179256e-003 -8.9739161e-003
  1.6000000e+001 -8.0000000e-001  2.4910316e+001  3.6044422e+001  1.0242043e+003 -5.4692042e-002 -1.0201012e-002
  1.6000000e+001 -9.0000000e-001  2.4921394e+001  3.6188321e+001  1.0243152e+003 -9.5519550e-002 -8.9956278e-003
  1.6000000e+001 -1.0000000e+000  2.4940000e+001  3.6390000e+001  1.0244677e+003  0.0000000e+000  0.0000000e+000
  1.6500000e+001  0.0000000e+000  2.4700000e+001  3.4250000e+001  1.0228669e+003  3.9125904e-002 -8.3164676e-003
  1.6500000e+001 -1.0000000e-001  2.4918196e+001  3.4029696e+001  1.0226402e+003  2.5201010e-002  2.4194438e-003
  1.6500000e+001 -2.0000000e-001  2.4961773e+001  3.4110985e+001  1.0226939e+003  1.4953049e-001  4.7221645e-003
  1.6500000e+001 -3.0000000e-001  2.4983359e+001  3.4620534e+001  1.0230779e+003  1.7810064e-001 -3.9694640e-002
  1.6500000e+001 -4.0000000e-001  2.4879231e+001  3.5612762e+001  1.0238650e+003  1.0552472e-001 -3.1145258e-002
  1.6500000e+001 -5.0000000e-001  2.4889474e+001  3.5866428e+001  1.0240592e+003  2.9864914e-002 -4.5848861e-003
  1.6500000e+001 -6.0000000e-001  2.4902996e+001  3.5968055e+001  1.0241375e+003 -1.0971554e-002 -8.5378658e-003
  1.6500000e+001 -7.0000000e-001  2.4919298e+001  3.6069339e+001  1.0242147e+003 -4.0337234e-002  5.3511550e-003
  1.6500000e+001 -8.0000000e-001  2.4930117e+001  3.6137770e+001  1.0242686e+003 -8.5486600e-002  2.5714221e-003
  1.6500000e+001 -9.0000000e-001  2.4940025e+001  3.6270421e+001  1.0243714e+003 -1.2471870e-001 -1.7162257e-002
  1.6500000e+001 -1.0000000e+000  2.4940000e+001  3.6440000e+001  1.0245052e+003  0.0000000e+000  0.0000000e+000
  1.7000000e+001  0.0000000e+000  2.4780000e+001  3.4110000e+001  1.0227370e+003  5.7063391e-002 -1.8541020e-002
  1.7000000e+001 -1.0000000e-001  2.4933726e+001  3.4084710e+001  1.0226770e+003  4.9964768e-002 -2.0667192e-003
  1.7000000e+001 -2.0000000e-001  2.4961503e+001  3.4147757e+001  1.0227218e+003  1.0721948e-001 -4.6245797e-002
  1.7000000e+001 -3.0000000e-001  2.4992599e+001  3.4643824e+001  1.0230925e+003  1.1870267e-001 -7.5317971e-002
  1.7000000e+001 -4.0000000e-001  2.4908654e+001  3.5414785e+001  1.0237063e+003  4.5846776e-002 -6.4778317e-002
  1.7000000e+001 -5.0000000e-001  2.4889677e+001  3.5844188e+001  1.0240422e+003 -3.6437885e-002 -5.7240235e-002
  1.7000000e+001 -6.0000000e-001  2.4910325e+001  3.5972422e+001  1.0241383e+003 -7.5576472e-002 -2.7298077e-002
  1.7000000e+001 -7.0000000e-001  2.4928682e+001  3.6109910e+001  1.0242422e+003 -1.1742715e-001 -2.1286066e-002
  1.7000000e+001 -8.0000000e-001  2.4941079e+001  3.6296776e+001  1.0243852e+003 -1.5623539e-001 -5.8392076e-002
  1.7000000e+001 -9.0000000e-001  2.4940028e+001  3.6445087e+001  1.0245031e+003 -1.6904294e-001 -6.1685998e-002
  1.7000000e+001 -1.0000000e+000  2.4940000e+001  3.6490000e+001  1.0245426e+003  0.0000000e+000  0.0000000e+000
  1.7500000e+001  0.0000000e+000  2.4700000e+001  3.4310000e+001  1.0229122e+003  1.5542919e-002  1.2586408e-002
  1.7500000e+001 -1.0000000e-001  2.4925316e+001  3.4096158e+001  1.0226882e+003  1.3632542e-002  1.6978375e-002
  1.7500000e+001 -2.0000000e-001  2.4930057e+001  3.4140650e+001  1.0227258e+003  8.0788632e-002 -1.0385768e-002
  1.7500000e+001 -3.0000000e-001  2.4967798e+001  3.4464237e+001  1.0229643e+003  9.8382913e-002 -3.5133176e-002
  1.7500000e+001 -4.0000000e-001  2.4926734e+001  3.5275277e+001  1.0235952e+003  1.9248647e-002 -2.1086190e-002
  1.7500000e+001 -5.0000000e-001  2.4894937e+001  3.5907179e+001  1.0240880e+003 -7.6660802e-002 -3.3520126e-002
  1.7500000e+001 -6.0000000e-001  2.4910945e+001  3.6055427e+001  1.0242007e+003 -1.1575869e-001 -1.6597415e-002
  1.7500000e+001 -7.0000000e-001  2.4917669e+001  3.6155239e+001  1.0242796e+003 -1.6852080e-001 -2.1048612e-002
  1.7500000e+001 -8.0000000e-001  2.4939552e+001  3.6285995e+001  1.0243772e+003 -1.5265055e-001 -3.6443745e-002
  1.7500000e+001 -9.0000000e-001  2.4939977e+001  3.6445683e+001  1.0245034e+003 -1.6371611e-001 -5.0946763e-002
  1.7500000e+001 -1.0000000e+000  2.4940000e+001  3.6500000e+001  1.0245499e+003  0.0000000e+000  0.0000000e+000
  1.8000000e+001  0.0000000e+000  2.4630000e+001  3.4320000e+001  1.0229408e+003  6.9138184e-002  1.0950413e-002
  1.8000000e+001 -1.0000000e-001  2.4897195e+001  3.4086142e+001  1.0226891e+003  7.7757391e-002  2.7457418e-002
  1.8000000e+001 -2.0000000e-001  2.4930055e+001  3.4100376e+001  1.0226953e+003  9.5218127e-002 -3.7791615e-002
  1.8000000e+001 -3.0000000e-001  2.4955142e+001  3.4120947e+001  1.0227087e+003  1.2546032e-001 -2.6417229e-002
  1.8000000e+001 -4.0000000e-001  2.4969428e+001  3.4862623e+001  1.0232702e+003  6.0894322e-002 -1.6328654e-002
  1.8000000e+001 -5.0000000e-001  2.4896929e+001  3.5721428e+001  1.0239468e+003 -2.5866246e-002  1.0503727e-003
  1.8000000e+001 -6.0000000e-001  2.4900360e+001  3.5973575e+001  1.0241419e+003 -5.8889797e-002 -8.3834968e-003
  1.8000000e+001 -7.0000000e-001  2.4926778e+001  3.6219374e+001  1.0243251e+003 -1.0316760e-001 -2.4763412e-002
  1.8000000e+001 -8.0000000e-001  2.4940465e+001  3.6283367e+001  1.0243748e+003 -1.4219638e-001 -3.5481452e-002
  1.8000000e+001 -9.0000000e-001  2.4940066e+001  3.6427012e+001  1.0244889e+003 -1.1826352e-001 -4.3467275e-002
  1.8000000e+001 -1.0000000e+000  2.4940000e+001  3.6520000e+001  1.0245647e+003  0.0000000e+000  0.0000000e+000
  1.8500000e+001  0.0000000e+000  2.4700000e+001  3.4200000e+001  1.0228291e+003  1.4084147e-002 -2.6488428e-002
  1.8500000e+001 -1.0000000e-001  2.4889872e+001  3.4064216e+001  1.0226747e+003  1.1123439e-002 -1.7930958e-002
  1.8500000e+001 -2.0000000e-001  2.4910125e+001  3.4130740e+001  1.0227242e+003  8.5976502e-003 -2.0839708e-002
  1.8500000e+001 -3.0000000e-001  2.4970723e+001  3.4284959e+001  1.0228279e+003  4.9116987e-002 -5.9528642e-002
  1.8500000e+001 -4.0000000e-001  2.4949595e+001  3.4945200e+001  1.0233386e+003  2.3237136e-002 -2.3777948e-002
  1.8500000e+001 -5.0000000e-001  2.4899297e+001  3.5381414e+001  1.0236889e+003 -3.2165906e-002  5.8981316e-003
  1.8500000e+001 -6.0000000e-001  2.4880384e+001  3.5823341e+001  1.0240343e+003 -8.3066004e-002 -1.6888286e-002
  1.8500000e+001 -7.0000000e-001  2.4921450e+001  3.6075334e+001  1.0242178e+003 -1.3234940e-001 -1.9314259e-002
  1.8500000e+001 -8.0000000e-001  2.4940160e+001  3.6250584e+001  1.0243500e+003 -2.0077156e-001 -1.7897218e-002
  1.8500000e+001 -9.0000000e-001  2.4950941e+001  3.6414610e+001  1.0244762e+003 -1.7556991e-001 -6.2625385e-002
  1.8500000e+001 -1.0000000e+000  2.4940000e+001  3.6520000e+001  1.0245646e+003  0.0000000e+000  0.0000000e+000
  1.9000000e+001  0.0000000e+000  2.4700000e+001  3.4100000e+001  1.0227535e+003  4.4735432e-002  6.6323006e-002
  1.9000000e+001 -1.0000000e-001  2.4861366e+001  3.3989600e+001  1.0226269e+003  6.2623167e-002  7.4361227e-002
  1.9000000e+001 -2.0000000e-001  2.4869811e+001  3.4069887e+001  1.0226905e+003  5.4883371e-002  1.0202669e-002
  1.9000000e+001 -3.0000000e-001  2.4913018e+001  3.4176087e+001  1.0227630e+003  6.6019050e-002 -2.9877423e-002
  1.9000000e+001 -4.0000000e-001  2.4929509e+001  3.4627735e+001  1.0231047e+003  5.2628174e-002  3.2959499e-002
  1.9000000e+001 -5.0000000e-001  2.4887723e+001  3.5415426e+001  1.0237181e+003 -1.2954591e-002  4.7182065e-002
  1.9000000e+001 -6.0000000e-001  2.4899739e+001  3.5875945e+001  1.0240681e+003 -6.6087402e-002 -4.4151217e-003
  1.9000000e+001 -7.0000000e-001  2.4936980e+001  3.6167666e+001  1.0242827e+003 -1.0969485e-001 -8.5846933e-003
  1.9000000e+001 -8.0000000e-001  2.4950068e+001  3.6228103e+001  1.0243298e+003 -1.3711908e-001 -2.2342275e-002
  1.9000000e+001 -9.0000000e-001  2.4945472e+001  3.6398374e+001  1.0244653e+003 -1.0720305e-001 -4.3516968e-002
  1.9000000e+001 -1.0000000e+000  2.4940000e+001  3.6420000e+001  1.0244888e+003  0.0000000e+000  0.0000000e+000
  1.9500000e+001  0.0000000e+000  2.4700000e+001  3.4150000e+001  1.0227913e+003 -3.6541818e-002  1.6269466e-002
  1.9500000e+001 -1.0000000e-001  2.4837504e+001  3.4042774e+001  1.0226743e+003 -2.8638623e-002  3.2154275e-002
  1.9500000e+001 -2.0000000e-001  2.4869820e+001  3.4049748e+001  1.0226752e+003 -3.3954361e-002 -2.8658179e-002
  1.9500000e+001 -3.0000000e-001  2.4880211e+001  3.4130260e+001  1.0227382e+003 -7.0465175e-002 -6.7054128e-002
  1.9500000e+001 -4.0000000e-001  2.4899249e+001  3.4374878e+001  1.0229227e+003 -3.5541456e-002 -3.9632455e-003
  1.9500000e+001 -5.0000000e-001  2.4902352e+001  3.5446302e+001  1.0237370e+003 -7.1959646e-002 -1.4723655e-002
  1.9500000e+001 -6.0000000e-001  2.4898407e+001  3.5970280e+001  1.0241397e+003 -1.4368358e-001 -4.8312742e-002
  1.9500000e+001 -7.0000000e-001  2.4923109e+001  3.6132052e+001  1.0242599e+003 -1.8225621e-001 -4.4995563e-002
  1.9500000e+001 -8.0000000e-001  2.4949572e+001  3.6270764e+001  1.0243621e+003 -1.8477408e-001 -7.3810408e-002
  1.9500000e+001 -9.0000000e-001  2.4945417e+001  3.6428192e+001  1.0244878e+003 -1.8281746e-001 -6.1062943e-002
  1.9500000e+001 -1.0000000e+000  2.4950000e+001  3.6440000e+001  1.0245007e+003  0.0000000e+000  0.0000000e+000
  2.0000000e+001  0.0000000e+000  2.4340000e+001  3.4400000e+001  1.0230880e+003 -9.9939083e-002  3.4899497e-003
  2.0000000e+001 -1.0000000e-001  2.4832925e+001  3.4103294e+001  1.0227214e+003 -7.5898144e-002  1.6322189e-002
  2.0000000e+001 -2.0000000e-001  2.4840027e+001  3.4159503e+001  1.0227671e+003 -1.2709195e-001 -2.2479148e-003
  2.0000000e+001 -3.0000000e-001  2.4826655e+001  3.4181431e+001  1.0227930e+003 -1.5565454e-001 -3.3420803e-002
  2.0000000e+001 -4.0000000e-001  2.4928775e+001  3.5056973e+001  1.0234292e+003 -1.3628596e-001 -5.5327306e-003
  2.0000000e+001 -5.0000000e-001  2.4897497e+001  3.5323903e+001  1.0236459e+003 -1.5767159e-001 -2.6776043e-002
  2.0000000e+001 -6.0000000e-001  2.4909504e+001  3.5957176e+001  1.0241264e+003 -2.2135665e-001 -2.2335650e-002
  2.0000000e+001 -7.0000000e-001  2.4941026e+001  3.6133273e+001  1.0242554e+003 -2.4893511e-001 -4.8228230e-002
  2.0000000e+001 -8.0000000e-001  2.4959297e+001  3.6291052e+001  1.0243745e+003 -2.3144268e-001 -6.5533615e-002
  2.0000000e+001 -9.0000000e-001  2.4950447e+001  3.6428641e+001  1.0244866e+003 -2.0430127e-001 -5.9503543e-002
  2.0000000e+001 -1.0000000e+000  2.4950000e+001  3.6470000e+001  1.0245234e+003  0.0000000e+000  0.0000000e+000
  2.0500000e+001  0.0000000e+000  2.4280000e+001  3.4600000e+001  1.0232572e+003 -1.5000000e-001  0.0000000e+000
  2.0500000e+001 -1.0000000e-001  2.4745285e+001  3.4233986e+001  1.0228466e+003 -1.4001839e-001  4.5430589e-003
  2.0500000e+001 -2.0000000e-001  2.4770000e+001  3.4260000e+001  1.0228642e+003 -1.6843944e-001 -4.7224502e-002
  2.0500000e+001 -3.0000000e-001  2.4764750e+001  3.4413685e+001  1.0229873e+003 -1.9269862e-001 -6.7662720e-002
  2.0500000e+001 -4.0000000e-001  2.4810000e+001  3.5060000e+001  1.0234676e+003 -1.1238471e-001 -4.9308895e-003
  2.0500000e+001 -5.0000000e-001  2.4899674e+001  3.5685423e+001  1.0239187e+003 -9.4154152e-002  3.6911071e-002
  2.0500000e+001 -6.0000000e-001  2.4920000e+001  3.5960000e+001  1.0241255e+003 -7.4923755e-002  1.3563064e-002
  2.0500000e+001 -7.0000000e-001  2.4930322e+001  3.6117740e+001  1.0242470e+003 -1.4573248e-001  8.3988202e-003
  2.0500000e+001 -8.0000000e-001  2.4950000e+001  3.6330000e+001  1.0244070e+003 -1.9512740e-001 -3.9372635e-002
  2.0500000e+001 -9.0000000e-001  2.4950052e+001  3.6427961e+001  1.0244864e+003 -1.8348264e-001 -7.0946091e-002
  2.0500000e+001 -1.0000000e+000  2.4950000e+001  3.6460000e+001  1.0245160e+003  0.0000000e+000  0.0000000e+000
% Início da serie dia 28/08às 04:30 horas
% Caravelas - Estação A - Sizigia
  4.5000000e+000  0.0000000e+000  2.4200000e+001  3.5500000e+001  1.0239622e+003 -1.4095389e-001 -5.1303021e-002
  4.5000000e+000 -1.0000000e-001  2.4806618e+001  3.5771261e+001  1.0239901e+003 -1.6300179e-001 -5.4240381e-002
  4.5000000e+000 -2.0000000e-001  2.4801027e+001  3.5818088e+001  1.0240325e+003 -1.3114352e-001 -4.9084733e-002
  4.5000000e+000 -3.0000000e-001  2.4812601e+001  3.5864189e+001  1.0240690e+003 -9.6808682e-002 -3.1381794e-002
  4.5000000e+000 -4.0000000e-001  2.4816184e+001  3.5891549e+001  1.0240938e+003 -1.0589712e-001 -2.2620296e-002
  4.5000000e+000 -5.0000000e-001  2.4820103e+001  3.5944556e+001  1.0241379e+003 -1.0782525e-001  1.8323046e-002
  4.5000000e+000 -6.0000000e-001  2.4825236e+001  3.5971980e+001  1.0241623e+003 -1.3203253e-001  3.3452300e-002
  4.5000000e+000 -7.0000000e-001  2.4829937e+001  3.5999221e+001  1.0241867e+003 -1.3677726e-001  6.1121184e-002
  4.5000000e+000 -8.0000000e-001  2.4834354e+001  3.6022092e+001  1.0242079e+003 -9.0821505e-002  6.7561159e-002
  4.5000000e+000 -9.0000000e-001  2.4837563e+001  3.6018700e+001  1.0242096e+003 -6.6393996e-002  8.8120165e-002
  4.5000000e+000 -1.0000000e+000  2.4840000e+001  3.6040000e+001  1.0242302e+003  0.0000000e+000  0.0000000e+000
  5.0000000e+000  0.0000000e+000  2.4600000e+001  3.5700000e+001  1.0239935e+003  4.3672031e-001 -5.3622511e-002
  5.0000000e+000 -1.0000000e-001  2.4812078e+001  3.5727263e+001  1.0239553e+003  4.4139049e-001 -4.8835457e-002
  5.0000000e+000 -2.0000000e-001  2.4819745e+001  3.5828607e+001  1.0240349e+003  4.6003865e-001 -3.1557484e-002
  5.0000000e+000 -3.0000000e-001  2.4829723e+001  3.5897909e+001  1.0240897e+003  4.6521327e-001 -4.1913286e-002
  5.0000000e+000 -4.0000000e-001  2.4830006e+001  3.5969092e+001  1.0241488e+003  4.5954098e-001  1.7407885e-002
  5.0000000e+000 -5.0000000e-001  2.4829147e+001  3.5990144e+001  1.0241704e+003  4.2175510e-001  3.0966923e-002
  5.0000000e+000 -6.0000000e-001  2.4840235e+001  3.6008365e+001  1.0241861e+003  3.9836340e-001  3.4250176e-002
  5.0000000e+000 -7.0000000e-001  2.4840169e+001  3.6000924e+001  1.0241858e+003  3.9843205e-001  3.0173041e-002
  5.0000000e+000 -8.0000000e-001  2.4848482e+001  3.6009108e+001  1.0241948e+003  3.8958455e-001  2.6827772e-002
  5.0000000e+000 -9.0000000e-001  2.4841758e+001  3.6019723e+001  1.0242102e+003  4.1787929e-001  1.2566163e-003
  5.0000000e+000 -1.0000000e+000  2.4840000e+001  3.6020000e+001  1.0242163e+003  0.0000000e+000  0.0000000e+000
  5.5000000e+000  0.0000000e+000  2.4700000e+001  3.5650000e+001  1.0239255e+003  1.1300000e+000 -2.8227420e-016
  5.5000000e+000 -1.0000000e-001  2.4802547e+001  3.5626408e+001  1.0238820e+003  1.1297247e+000 -1.0592307e-002
  5.5000000e+000 -2.0000000e-001  2.4810425e+001  3.5630915e+001  1.0238885e+003  1.1317367e+000 -1.9439765e-003
  5.5000000e+000 -3.0000000e-001  2.4813714e+001  3.5654587e+001  1.0239109e+003  1.0992783e+000  1.5750844e-002
  5.5000000e+000 -4.0000000e-001  2.4809959e+001  3.5651431e+001  1.0239151e+003  1.0749654e+000  2.0227846e-002
  5.5000000e+000 -5.0000000e-001  2.4809992e+001  3.5646105e+001  1.0239165e+003  1.0541472e+000 -5.5242069e-004
  5.5000000e+000 -6.0000000e-001  2.4810073e+001  3.5692412e+001  1.0239569e+003  9.9929085e-001 -7.5999922e-004
  5.5000000e+000 -7.0000000e-001  2.4816388e+001  3.5732456e+001  1.0239908e+003  9.2484311e-001 -3.0807182e-002
  5.5000000e+000 -8.0000000e-001  2.4829813e+001  3.5772377e+001  1.0240224e+003  8.1629061e-001 -1.5506494e-002
  5.5000000e+000 -9.0000000e-001  2.4829993e+001  3.5767196e+001  1.0240238e+003  6.2426818e-001 -3.2151236e-002
  5.5000000e+000 -1.0000000e+000  2.4830000e+001  3.5770000e+001  1.0240314e+003  0.0000000e+000  0.0000000e+000
  6.0000000e+000  0.0000000e+000  2.4830000e+001  3.5740000e+001  1.0239542e+003  1.4297822e+000  2.4956941e-002
  6.0000000e+000 -1.0000000e-001  2.4858523e+001  3.5739105e+001  1.0239503e+003  1.4361676e+000  2.5067103e-002
  6.0000000e+000 -2.0000000e-001  2.4880198e+001  3.5748002e+001  1.0239560e+003  1.3907757e+000  2.4284092e-002
  6.0000000e+000 -3.0000000e-001  2.4880018e+001  3.5739080e+001  1.0239548e+003  1.3632223e+000  2.3908057e-002
  6.0000000e+000 -4.0000000e-001  2.4880008e+001  3.5757032e+001  1.0239739e+003  1.3203174e+000  1.3778526e-002
  6.0000000e+000 -5.0000000e-001  2.4880232e+001  3.5746010e+001  1.0239710e+003  1.2706370e+000 -3.5797105e-004
  6.0000000e+000 -6.0000000e-001  2.4891760e+001  3.5748974e+001  1.0239752e+003  1.1978457e+000  2.0318673e-002
  6.0000000e+000 -7.0000000e-001  2.4879772e+001  3.5729735e+001  1.0239698e+003  1.1372488e+000  1.9855756e-002
  6.0000000e+000 -8.0000000e-001  2.4880262e+001  3.5754208e+001  1.0239937e+003  1.0616161e+000  1.8531241e-002
  6.0000000e+000 -9.0000000e-001  2.4889909e+001  3.5740059e+001  1.0239855e+003  7.1824689e-001  1.2537033e-002
  6.0000000e+000 -1.0000000e+000  2.4890000e+001  3.5740000e+001  1.0239910e+003  0.0000000e+000  0.0000000e+000
  6.5000000e+000  0.0000000e+000  2.4750000e+001  3.5850000e+001  1.0240616e+003  1.4297822e+000  2.4956941e-002
  6.5000000e+000 -1.0000000e-001  2.4947812e+001  3.5733974e+001  1.0239193e+003  1.4252877e+000  1.8018468e-002
  6.5000000e+000 -2.0000000e-001  2.4949744e+001  3.5728771e+001  1.0239203e+003  1.4001192e+000  3.9997912e-002
  6.5000000e+000 -3.0000000e-001  2.4960373e+001  3.5739964e+001  1.0239311e+003  1.3520681e+000  2.0868587e-004
  6.5000000e+000 -4.0000000e-001  2.4948360e+001  3.5719712e+001  1.0239250e+003  1.3361846e+000 -2.6382243e-004
  6.5000000e+000 -5.0000000e-001  2.4960283e+001  3.5738373e+001  1.0239410e+003  1.2294279e+000 -1.0432855e-004
  6.5000000e+000 -6.0000000e-001  2.4959981e+001  3.5736067e+001  1.0239449e+003  1.1926666e+000  2.3105128e-003
  6.5000000e+000 -7.0000000e-001  2.4960000e+001  3.5739998e+001  1.0239534e+003  1.1244903e+000  2.3163756e-003
  6.5000000e+000 -8.0000000e-001  2.4960000e+001  3.5739734e+001  1.0239587e+003  1.0251029e+000  3.2209353e-002
  6.5000000e+000 -9.0000000e-001  2.4960000e+001  3.5731174e+001  1.0239578e+003  4.3804552e-001 -4.1731608e-002
  6.5000000e+000 -1.0000000e+000  2.4960000e+001  3.5740000e+001  1.0239700e+003  0.0000000e+000  0.0000000e+000 
  7.0000000e+000  0.0000000e+000  2.4920000e+001  3.5580000e+001  1.0238058e+003  1.4000000e+000  0.0000000e+000
  7.0000000e+000 -1.0000000e-001  2.5028775e+001  3.5583401e+001  1.0237808e+003  1.3923036e+000 -8.0823913e-005
  7.0000000e+000 -2.0000000e-001  2.5030087e+001  3.5599203e+001  1.0237979e+003  1.3650531e+000  5.8033336e-004
  7.0000000e+000 -3.0000000e-001  2.5037169e+001  3.5581165e+001  1.0237876e+003  1.3109810e+000  2.2553161e-002
  7.0000000e+000 -4.0000000e-001  2.5026091e+001  3.5601229e+001  1.0238117e+003  1.2718115e+000 -1.4216805e-002
  7.0000000e+000 -5.0000000e-001  2.5030394e+001  3.5588936e+001  1.0238066e+003  1.2296033e+000 -9.7621810e-004
  7.0000000e+000 -6.0000000e-001  2.5029975e+001  3.5599732e+001  1.0238205e+003  1.1628031e+000  2.1895282e-002
  7.0000000e+000 -7.0000000e-001  2.5030000e+001  3.5599999e+001  1.0238261e+003  1.0848873e+000  1.8100833e-002
  7.0000000e+000 -8.0000000e-001  2.5030000e+001  3.5600000e+001  1.0238317e+003  9.6318207e-001  2.1645455e-002
  7.0000000e+000 -9.0000000e-001  2.5030000e+001  3.5600000e+001  1.0238372e+003  6.4693478e-001  1.1123724e-002
  7.0000000e+000 -1.0000000e+000  2.5030000e+001  3.5600000e+001  1.0238428e+003  0.0000000e+000  0.0000000e+000
  7.5000000e+000  0.0000000e+000  2.5100000e+001  3.5400000e+001  1.0236149e+003  1.3200000e+000  0.0000000e+000
  7.5000000e+000 -1.0000000e-001  2.5109886e+001  3.5438517e+001  1.0236465e+003  1.3128750e+000 -9.1763865e-003
  7.5000000e+000 -2.0000000e-001  2.5110001e+001  3.5462056e+001  1.0236697e+003  1.2918160e+000  3.1138107e-002
  7.5000000e+000 -3.0000000e-001  2.5110000e+001  3.5436574e+001  1.0236560e+003  1.2421461e+000 -3.8314113e-003
  7.5000000e+000 -4.0000000e-001  2.5110000e+001  3.5448690e+001  1.0236707e+003  1.1712512e+000 -1.0229182e-002
  7.5000000e+000 -5.0000000e-001  2.5110000e+001  3.5440151e+001  1.0236697e+003  1.1210720e+000 -2.0882455e-005
  7.5000000e+000 -6.0000000e-001  2.5110000e+001  3.5439994e+001  1.0236751e+003  1.0461182e+000  1.7535557e-002
  7.5000000e+000 -7.0000000e-001  2.5110000e+001  3.5440000e+001  1.0236806e+003  9.6709916e-001  1.7674553e-002
  7.5000000e+000 -8.0000000e-001  2.5110000e+001  3.5440000e+001  1.0236861e+003  8.3223759e-001  1.0178892e-002
  7.5000000e+000 -9.0000000e-001  2.5110000e+001  3.5440000e+001  1.0236917e+003  5.5142517e-001 -1.7515521e-004
  7.5000000e+000 -1.0000000e+000  2.5110000e+001  3.5440000e+001  1.0236971e+003  0.0000000e+000  0.0000000e+000
  8.0000000e+000  0.0000000e+000  2.5080000e+001  3.4880000e+001  1.0232280e+003  1.1500000e+000  0.0000000e+000
  8.0000000e+000 -1.0000000e-001  2.5098789e+001  3.4884419e+001  1.0232311e+003  1.1388698e+000  3.4773884e-003
  8.0000000e+000 -2.0000000e-001  2.5100003e+001  3.4900839e+001  1.0232485e+003  1.0963248e+000  2.0877569e-002
  8.0000000e+000 -3.0000000e-001  2.5100002e+001  3.4909019e+001  1.0232601e+003  1.0612935e+000  1.9180407e-002
  8.0000000e+000 -4.0000000e-001  2.5100000e+001  3.4948921e+001  1.0232957e+003  1.0159306e+000  3.4369569e-002
  8.0000000e+000 -5.0000000e-001  2.5100000e+001  3.4883578e+001  1.0232517e+003  9.5678183e-001 -3.0186569e-003
  8.0000000e+000 -6.0000000e-001  2.5100000e+001  3.4877356e+001  1.0232524e+003  9.1313622e-001 -2.0182439e-002
  8.0000000e+000 -7.0000000e-001  2.5100000e+001  3.4869819e+001  1.0232522e+003  8.4089597e-001  1.2353181e-002
  8.0000000e+000 -8.0000000e-001  2.5100000e+001  3.4870002e+001  1.0232577e+003  7.2737201e-001  1.2781722e-002
  8.0000000e+000 -9.0000000e-001  2.5100000e+001  3.4870000e+001  1.0232631e+003  4.6410010e-001  8.1037083e-003
  8.0000000e+000 -1.0000000e+000  2.5100000e+001  3.4870000e+001  1.0232685e+003  0.0000000e+000  0.0000000e+000
  8.5000000e+000  0.0000000e+000  2.5090000e+001  3.4200000e+001  1.0227113e+003  1.0200000e+000  0.0000000e+000
  8.5000000e+000 -1.0000000e-001  2.5090070e+001  3.4382381e+001  1.0228544e+003  9.9196511e-001 -2.1547386e-002
  8.5000000e+000 -2.0000000e-001  2.5090497e+001  3.4370131e+001  1.0228502e+003  9.8824845e-001  1.7352503e-002
  8.5000000e+000 -3.0000000e-001  2.5080078e+001  3.4369986e+001  1.0228586e+003  9.5413730e-001  3.4895381e-002
  8.5000000e+000 -4.0000000e-001  2.5071480e+001  3.4370020e+001  1.0228666e+003  9.2933622e-001  3.2698922e-002
  8.5000000e+000 -5.0000000e-001  2.5070654e+001  3.4369262e+001  1.0228715e+003  8.6784485e-001  1.2845901e-002
  8.5000000e+000 -6.0000000e-001  2.5066698e+001  3.4373028e+001  1.0228808e+003  8.0293562e-001 -1.3004457e-002
  8.5000000e+000 -7.0000000e-001  2.5059267e+001  3.4369927e+001  1.0228860e+003  7.2937078e-001 -6.2387005e-004
  8.5000000e+000 -8.0000000e-001  2.5059948e+001  3.4369995e+001  1.0228912e+003  6.5149689e-001 -1.4392885e-005
  8.5000000e+000 -9.0000000e-001  2.5060001e+001  3.4370000e+001  1.0228965e+003  3.9259598e-001  8.2439286e-007
  8.5000000e+000 -1.0000000e+000  2.5060000e+001  3.4370000e+001  1.0229018e+003  0.0000000e+000  0.0000000e+000
  9.0000000e+000  0.0000000e+000  2.5090000e+001  3.3900000e+001  1.0224847e+003  8.3987206e-001  1.4660021e-002
  9.0000000e+000 -1.0000000e-001  2.5068144e+001  3.3899800e+001  1.0224964e+003  8.2906629e-001 -1.9361804e-004
  9.0000000e+000 -2.0000000e-001  2.5069704e+001  3.3898680e+001  1.0225003e+003  7.7893104e-001  4.0822046e-002
  9.0000000e+000 -3.0000000e-001  2.5059444e+001  3.3921395e+001  1.0225256e+003  7.6156767e-001  3.1494036e-002
  9.0000000e+000 -4.0000000e-001  2.5042910e+001  3.3916309e+001  1.0225321e+003  7.0271567e-001  3.9172358e-002
  9.0000000e+000 -5.0000000e-001  2.5040000e+001  3.3910000e+001  1.0225333e+003  6.7205865e-001  3.2851481e-002
  9.0000000e+000 -6.0000000e-001  2.5039711e+001  3.3952565e+001  1.0225708e+003  6.1740859e-001  3.4770259e-002
  9.0000000e+000 -7.0000000e-001  2.5030846e+001  3.3978526e+001  1.0225982e+003  5.7964668e-001  2.0241708e-002
  9.0000000e+000 -8.0000000e-001  2.5038035e+001  3.3975365e+001  1.0225988e+003  4.9306043e-001  8.9155353e-003
  9.0000000e+000 -9.0000000e-001  2.5029425e+001  3.4025011e+001  1.0226441e+003  2.8067522e-001  4.9082897e-003
  9.0000000e+000 -1.0000000e+000  2.5050000e+001  3.4040000e+001  1.0226544e+003  0.0000000e+000  0.0000000e+000
  9.5000000e+000  0.0000000e+000  2.4780000e+001  3.3630000e+001  1.0223743e+003  6.1848971e-001  4.3249014e-002
  9.5000000e+000 -1.0000000e-001  2.5038779e+001  3.3580633e+001  1.0222640e+003  6.0775989e-001  2.3204146e-002
  9.5000000e+000 -2.0000000e-001  2.5030376e+001  3.3636249e+001  1.0223136e+003  5.7338013e-001  2.1270549e-002
  9.5000000e+000 -3.0000000e-001  2.5030183e+001  3.3568785e+001  1.0222678e+003  5.4737831e-001  2.6506378e-002
  9.5000000e+000 -4.0000000e-001  2.5017628e+001  3.3632966e+001  1.0223251e+003  5.1512989e-001  9.1493993e-003
  9.5000000e+000 -5.0000000e-001  2.5010234e+001  3.3626998e+001  1.0223278e+003  4.8181029e-001  1.2226033e-002
  9.5000000e+000 -6.0000000e-001  2.5010002e+001  3.3639477e+001  1.0223423e+003  4.5722850e-001  8.8058699e-003
  9.5000000e+000 -7.0000000e-001  2.5010000e+001  3.3667763e+001  1.0223687e+003  4.2014322e-001  6.9557012e-004
  9.5000000e+000 -8.0000000e-001  2.5010000e+001  3.3643645e+001  1.0223555e+003  3.6271638e-001 -6.7021325e-003
  9.5000000e+000 -9.0000000e-001  2.5010000e+001  3.3670274e+001  1.0223806e+003  1.7904630e-001 -6.4233534e-003
  9.5000000e+000 -1.0000000e+000  2.5010000e+001  3.3670000e+001  1.0223854e+003  0.0000000e+000  0.0000000e+000
  1.0000000e+001  0.0000000e+000  2.5070000e+001  3.3450000e+001  1.0221510e+003  4.3758963e-001  4.5992524e-002
  1.0000000e+001 -1.0000000e-001  2.5022108e+001  3.3393861e+001  1.0221279e+003  4.3299338e-001  2.0773275e-002
  1.0000000e+001 -2.0000000e-001  2.5011296e+001  3.3445987e+001  1.0221755e+003  4.0066915e-001  6.6385070e-002
  1.0000000e+001 -3.0000000e-001  2.4999515e+001  3.3462357e+001  1.0221962e+003  3.5617279e-001  5.5867241e-002
  1.0000000e+001 -4.0000000e-001  2.5000004e+001  3.3470102e+001  1.0222068e+003  3.3281689e-001  4.4852573e-002
  1.0000000e+001 -5.0000000e-001  2.5000163e+001  3.3483276e+001  1.0222216e+003  3.0147721e-001  4.9550852e-002
  1.0000000e+001 -6.0000000e-001  2.5005426e+001  3.3511560e+001  1.0222462e+003  2.7022758e-001  6.0059679e-002
  1.0000000e+001 -7.0000000e-001  2.5009882e+001  3.3519013e+001  1.0222554e+003  2.2715901e-001  3.6114015e-002
  1.0000000e+001 -8.0000000e-001  2.5010001e+001  3.3529371e+001  1.0222680e+003  1.5108137e-001  1.5310889e-002
  1.0000000e+001 -9.0000000e-001  2.5010000e+001  3.3536288e+001  1.0222781e+003  1.3413188e-001 -1.4792482e-002
  1.0000000e+001 -1.0000000e+000  2.5010000e+001  3.3530000e+001  1.0222783e+003  0.0000000e+000  0.0000000e+000
  1.0500000e+001  0.0000000e+000  2.4990000e+001  3.3360000e+001  1.0221072e+003  8.9100652e-002  4.5399050e-002
  1.0500000e+001 -1.0000000e-001  2.5135883e+001  3.3218813e+001  1.0219613e+003 -8.5683253e-003  4.1068663e-002
  1.0500000e+001 -2.0000000e-001  2.5126303e+001  3.3223569e+001  1.0219725e+003  2.4631468e-001  7.0773942e-002
  1.0500000e+001 -3.0000000e-001  2.5018660e+001  3.3279171e+001  1.0220517e+003  2.4539622e-001  6.4472459e-002
  1.0500000e+001 -4.0000000e-001  2.5019912e+001  3.3275543e+001  1.0220533e+003  2.1505952e-001  4.9237707e-002
  1.0500000e+001 -5.0000000e-001  2.5019996e+001  3.3300429e+001  1.0220768e+003  1.7605379e-001  5.4085931e-002
  1.0500000e+001 -6.0000000e-001  2.5020157e+001  3.3344459e+001  1.0221147e+003  1.6500414e-001  3.7093883e-002
  1.0500000e+001 -7.0000000e-001  2.5026241e+001  3.3398834e+001  1.0221587e+003  7.8172646e-002  9.4260155e-003
  1.0500000e+001 -8.0000000e-001  2.5044711e+001  3.3505781e+001  1.0222386e+003  5.2830118e-002 -2.1702635e-002
  1.0500000e+001 -9.0000000e-001  2.5049803e+001  3.3548781e+001  1.0222742e+003  2.8694374e-002 -5.1588350e-002
  1.0500000e+001 -1.0000000e+000  2.5050000e+001  3.3590000e+001  1.0223100e+003  0.0000000e+000  0.0000000e+000
  1.1000000e+001  0.0000000e+000  2.5100000e+001  3.3310000e+001  1.0220362e+003 -1.3155697e-001  4.7882820e-002
  1.1000000e+001 -1.0000000e-001  2.5163240e+001  3.3246343e+001  1.0219736e+003 -9.0210836e-002  1.9708983e-002
  1.1000000e+001 -2.0000000e-001  2.5175213e+001  3.3241178e+001  1.0219707e+003 -1.6727867e-001  4.1438096e-002
  1.1000000e+001 -3.0000000e-001  2.5052824e+001  3.3344718e+001  1.0220905e+003 -2.1572088e-001  4.5808991e-002
  1.1000000e+001 -4.0000000e-001  2.5039906e+001  3.3408560e+001  1.0221472e+003 -2.6523870e-001  4.1750278e-002
  1.1000000e+001 -5.0000000e-001  2.5030022e+001  3.3474603e+001  1.0222046e+003 -3.0484105e-001  3.0642540e-002
  1.1000000e+001 -6.0000000e-001  2.5054050e+001  3.3547195e+001  1.0222567e+003 -3.2506496e-001  5.1890107e-002
  1.1000000e+001 -7.0000000e-001  2.5059833e+001  3.3625059e+001  1.0223184e+003 -3.7534172e-001  4.4101511e-002
  1.1000000e+001 -8.0000000e-001  2.5060013e+001  3.3676892e+001  1.0223620e+003 -3.8609405e-001  1.8585451e-002
  1.1000000e+001 -9.0000000e-001  2.5061167e+001  3.4381423e+001  1.0228968e+003 -3.7871815e-001 -8.4779784e-003
  1.1000000e+001 -1.0000000e+000  2.5090000e+001  3.3740000e+001  1.0224098e+003  0.0000000e+000  0.0000000e+000
  1.1500000e+001  0.0000000e+000  2.5670000e+001  3.3380000e+001  1.0219153e+003 -4.9992385e-001  8.7262032e-003
  1.1500000e+001 -1.0000000e-001  2.5263854e+001  3.3512443e+001  1.0221438e+003 -4.9995783e-001 -3.1303996e-002
  1.1500000e+001 -2.0000000e-001  2.5135241e+001  3.3553184e+001  1.0222180e+003 -4.9662635e-001  4.2146989e-002
  1.1500000e+001 -3.0000000e-001  2.5098316e+001  3.3584416e+001  1.0222573e+003 -4.6600064e-001  5.4466629e-002
  1.1500000e+001 -4.0000000e-001  2.5097751e+001  3.3590449e+001  1.0222665e+003 -4.5740088e-001  5.6283792e-002
  1.1500000e+001 -5.0000000e-001  2.5072916e+001  3.3636521e+001  1.0223133e+003 -4.6702728e-001  6.0221292e-002
  1.1500000e+001 -6.0000000e-001  2.5060236e+001  3.3676359e+001  1.0223517e+003 -4.8930992e-001  3.4593737e-002
  1.1500000e+001 -7.0000000e-001  2.5054536e+001  3.3710493e+001  1.0223836e+003 -5.3171272e-001 -5.2318557e-003
  1.1500000e+001 -8.0000000e-001  2.5065675e+001  3.3857377e+001  1.0224956e+003 -5.4404756e-001 -3.9815097e-002
  1.1500000e+001 -9.0000000e-001  2.5080694e+001  3.3905562e+001  1.0225319e+003 -5.1426105e-001 -7.8142738e-002
  1.1500000e+001 -1.0000000e+000  2.5080000e+001  3.3910000e+001  1.0225399e+003  0.0000000e+000  0.0000000e+000
  1.2000000e+001  0.0000000e+000  2.5640000e+001  3.3930000e+001  1.0223394e+003 -8.0950657e-001 -2.8268592e-002
  1.2000000e+001 -1.0000000e-001  2.5437460e+001  3.3950770e+001  1.0224216e+003 -8.0021572e-001 -2.6811401e-002
  1.2000000e+001 -2.0000000e-001  2.5329309e+001  3.3959286e+001  1.0224655e+003 -8.0582511e-001 -2.7708031e-002
  1.2000000e+001 -3.0000000e-001  2.5329372e+001  3.3980826e+001  1.0224860e+003 -8.1591354e-001 -2.1680569e-002
  1.2000000e+001 -4.0000000e-001  2.5261794e+001  3.3982220e+001  1.0225120e+003 -7.8166778e-001  5.2136652e-002
  1.2000000e+001 -5.0000000e-001  2.5149319e+001  3.4040620e+001  1.0225947e+003 -7.6366716e-001  2.1834673e-002
  1.2000000e+001 -6.0000000e-001  2.5138995e+001  3.4051736e+001  1.0226106e+003 -7.1543521e-001  1.2603925e-002
  1.2000000e+001 -7.0000000e-001  2.5140290e+001  3.4056719e+001  1.0226183e+003 -6.8411503e-001  2.3639345e-002
  1.2000000e+001 -8.0000000e-001  2.5107502e+001  3.4093121e+001  1.0226602e+003 -6.2443011e-001  2.0203205e-003
  1.2000000e+001 -9.0000000e-001  2.5100140e+001  3.4090160e+001  1.0226645e+003 -5.9887371e-001  1.1615268e-002
  1.2000000e+001 -1.0000000e+000  2.5100000e+001  3.4100000e+001  1.0226763e+003  0.0000000e+000  0.0000000e+000
  1.2500000e+001  0.0000000e+000  2.5300000e+001  3.4550000e+001  1.0229117e+003 -9.5868435e-001 -5.0242518e-002
  1.2500000e+001 -1.0000000e-001  2.5260413e+001  3.4500586e+001  1.0228907e+003 -9.5866957e-001 -5.0241743e-002
  1.2500000e+001 -2.0000000e-001  2.5250338e+001  3.4509591e+001  1.0229048e+003 -9.5868087e-001 -5.0242336e-002
  1.2500000e+001 -3.0000000e-001  2.5250062e+001  3.4520393e+001  1.0229174e+003 -9.5864623e-001 -5.0240520e-002
  1.2500000e+001 -4.0000000e-001  2.5250443e+001  3.4509139e+001  1.0229130e+003 -9.5821997e-001 -5.0218181e-002
  1.2500000e+001 -5.0000000e-001  2.5239806e+001  3.4540362e+001  1.0229441e+003 -9.1413929e-001 -4.7908010e-002
  1.2500000e+001 -6.0000000e-001  2.5239983e+001  3.4539656e+001  1.0229478e+003 -8.3733706e-001 -4.3882976e-002
  1.2500000e+001 -7.0000000e-001  2.5239999e+001  3.4539425e+001  1.0229519e+003 -7.8794501e-001 -4.1294448e-002
  1.2500000e+001 -8.0000000e-001  2.5240000e+001  3.4538602e+001  1.0229555e+003 -6.9720229e-001 -3.6538824e-002
  1.2500000e+001 -9.0000000e-001  2.5240000e+001  3.4550115e+001  1.0229685e+003 -6.4912066e-001 -3.4018972e-002
  1.2500000e+001 -1.0000000e+000  2.5240000e+001  3.4550000e+001  1.0229727e+003  0.0000000e+000  0.0000000e+000
  1.3000000e+001  0.0000000e+000  2.5440000e+001  3.4830000e+001  1.0230802e+003 -1.0285884e+000 -5.3906035e-002
  1.3000000e+001 -1.0000000e-001  2.5439996e+001  3.4820183e+001  1.0230771e+003 -1.0292242e+000 -5.3939355e-002
  1.3000000e+001 -2.0000000e-001  2.5439912e+001  3.4820030e+001  1.0230812e+003 -1.0287122e+000 -5.3912521e-002
  1.3000000e+001 -3.0000000e-001  2.5430880e+001  3.4820050e+001  1.0230883e+003 -1.0297498e+000 -5.3966898e-002
  1.3000000e+001 -4.0000000e-001  2.5439792e+001  3.4820813e+001  1.0230903e+003 -9.6572937e-001 -5.0611731e-002
  1.3000000e+001 -5.0000000e-001  2.5430544e+001  3.4818405e+001  1.0230956e+003 -9.4721330e-001 -4.9641345e-002
  1.3000000e+001 -6.0000000e-001  2.5427988e+001  3.4819843e+001  1.0231017e+003 -8.7874818e-001 -4.6053240e-002
  1.3000000e+001 -7.0000000e-001  2.5429769e+001  3.4819675e+001  1.0231052e+003 -8.3923366e-001 -4.3982373e-002
  1.3000000e+001 -8.0000000e-001  2.5429006e+001  3.4811239e+001  1.0231034e+003 -7.7225120e-001 -4.0471970e-002
  1.3000000e+001 -9.0000000e-001  2.5440633e+001  3.4820803e+001  1.0231112e+003 -6.9257711e-001 -3.6296428e-002
  1.3000000e+001 -1.0000000e+000  2.5440000e+001  3.4820000e+001  1.0231151e+003  0.0000000e+000  0.0000000e+000
  1.3500000e+001  0.0000000e+000  2.5830000e+001  3.5390000e+001  1.0233825e+003 -9.7865694e-001 -5.1289237e-002
  1.3500000e+001 -1.0000000e-001  2.5849971e+001  3.5409811e+001  1.0233955e+003 -9.2653244e-001 -4.8557508e-002
  1.3500000e+001 -2.0000000e-001  2.5839708e+001  3.5399540e+001  1.0233952e+003 -1.0313997e+000 -5.4053367e-002
  1.3500000e+001 -3.0000000e-001  2.5858969e+001  3.5400098e+001  1.0233938e+003 -1.0315456e+000 -5.4061013e-002
  1.3500000e+001 -4.0000000e-001  2.5880797e+001  3.5430241e+001  1.0234141e+003 -9.1256738e-001 -4.7825630e-002
  1.3500000e+001 -5.0000000e-001  2.5890639e+001  3.5441375e+001  1.0234237e+003 -9.1642781e-001 -4.8027946e-002
  1.3500000e+001 -6.0000000e-001  2.5907090e+001  3.5455930e+001  1.0234338e+003 -8.5871271e-001 -4.5003226e-002
  1.3500000e+001 -7.0000000e-001  2.5920095e+001  3.5479684e+001  1.0234519e+003 -8.3845688e-001 -4.3941663e-002
  1.3500000e+001 -8.0000000e-001  2.5918980e+001  3.5477832e+001  1.0234551e+003 -8.1840122e-001 -4.2890590e-002
  1.3500000e+001 -9.0000000e-001  2.5927653e+001  3.5478464e+001  1.0234571e+003 -7.2046984e-001 -3.7758224e-002
  1.3500000e+001 -1.0000000e+000  2.5940000e+001  3.5460000e+001  1.0234436e+003  0.0000000e+000  0.0000000e+000
  1.4000000e+001  0.0000000e+000  2.5880000e+001  3.5750000e+001  1.0236387e+003 -8.8945784e-001  3.1060552e-002
  1.4000000e+001 -1.0000000e-001  2.5850000e+001  3.5770000e+001  1.0236675e+003 -8.8341238e-001  4.6367199e-002
  1.4000000e+001 -2.0000000e-001  2.5860000e+001  3.5750000e+001  1.0236535e+003 -8.7420648e-001  1.4081337e-002
  1.4000000e+001 -3.0000000e-001  2.5860000e+001  3.5750000e+001  1.0236579e+003 -8.9091099e-001  1.2358187e-002
  1.4000000e+001 -4.0000000e-001  2.5840000e+001  3.5760000e+001  1.0236759e+003 -8.3890983e-001  1.6559337e-002
  1.4000000e+001 -5.0000000e-001  2.5840000e+001  3.5750000e+001  1.0236727e+003 -8.5661649e-001  1.8725139e-002
  1.4000000e+001 -6.0000000e-001  2.5830000e+001  3.5760000e+001  1.0236876e+003 -8.3521515e-001 -2.8981460e-003
  1.4000000e+001 -7.0000000e-001  2.5840000e+001  3.5750000e+001  1.0236813e+003 -8.2200029e-001 -7.2269772e-004
  1.4000000e+001 -8.0000000e-001  2.5830000e+001  3.5760000e+001  1.0236962e+003 -7.9178528e-001  1.6120528e-002
  1.4000000e+001 -9.0000000e-001  2.5830000e+001  3.5760000e+001  1.0237005e+003 -7.1344745e-001 -1.6203470e-002
  1.4000000e+001 -1.0000000e+000  2.5830000e+001  3.5750000e+001  1.0236973e+003  0.0000000e+000  0.0000000e+000
  1.4500000e+001  0.0000000e+000  2.5960000e+001  3.5800000e+001  1.0236515e+003 -8.1887622e-001  4.2915484e-002
  1.4500000e+001 -1.0000000e-001  2.5969961e+001  3.5800045e+001  1.0236529e+003 -8.5069679e-001  4.7378052e-002
  1.4500000e+001 -2.0000000e-001  2.5969990e+001  3.5780546e+001  1.0236426e+003 -7.8834350e-001  4.2773339e-002
  1.4500000e+001 -3.0000000e-001  2.5969882e+001  3.5791860e+001  1.0236555e+003 -7.9965487e-001  3.3679798e-002
  1.4500000e+001 -4.0000000e-001  2.5967635e+001  3.5779379e+001  1.0236512e+003 -7.8231018e-001  1.7572431e-002
  1.4500000e+001 -5.0000000e-001  2.5971293e+001  3.5801934e+001  1.0236715e+003 -7.5361430e-001  2.0187803e-002
  1.4500000e+001 -6.0000000e-001  2.5970167e+001  3.5780767e+001  1.0236604e+003 -7.3257427e-001  2.6584913e-003
  1.4500000e+001 -7.0000000e-001  2.5971132e+001  3.5785174e+001  1.0236677e+003 -7.0423333e-001  2.6492327e-002
  1.4500000e+001 -8.0000000e-001  2.5964289e+001  3.5795065e+001  1.0236818e+003 -6.9802875e-001  1.0991135e-002
  1.4500000e+001 -9.0000000e-001  2.5958997e+001  3.5787842e+001  1.0236824e+003 -7.0883632e-001  3.7442609e-003
  1.4500000e+001 -1.0000000e+000  2.5970000e+001  3.5800000e+001  1.0236926e+003  0.0000000e+000  0.0000000e+000
  1.5000000e+001  0.0000000e+000  2.5960000e+001  3.5740000e+001  1.0236062e+003 -8.3884881e-001 -4.3962203e-002
  1.5000000e+001 -1.0000000e-001  2.5958247e+001  3.5731099e+001  1.0236046e+003 -8.2915619e-001 -4.3454234e-002
  1.5000000e+001 -2.0000000e-001  2.5932384e+001  3.5749167e+001  1.0236308e+003 -8.3083111e-001 -4.3542013e-002
  1.5000000e+001 -3.0000000e-001  2.5939615e+001  3.5742985e+001  1.0236284e+003 -8.1871922e-001 -4.2907256e-002
  1.5000000e+001 -4.0000000e-001  2.5936225e+001  3.5748874e+001  1.0236384e+003 -8.0241303e-001 -4.2052685e-002
  1.5000000e+001 -5.0000000e-001  2.5931345e+001  3.5760830e+001  1.0236535e+003 -7.6283658e-001 -3.9978571e-002
  1.5000000e+001 -6.0000000e-001  2.5920245e+001  3.5757717e+001  1.0236591e+003 -7.3180840e-001 -3.8352453e-002
  1.5000000e+001 -7.0000000e-001  2.5909380e+001  3.5775307e+001  1.0236803e+003 -6.7095730e-001 -3.5163382e-002
  1.5000000e+001 -8.0000000e-001  2.5910832e+001  3.5768051e+001  1.0236788e+003 -6.3912290e-001 -3.3495012e-002
  1.5000000e+001 -9.0000000e-001  2.5899794e+001  3.5769485e+001  1.0236879e+003 -5.2532533e-001 -2.7531134e-002
  1.5000000e+001 -1.0000000e+000  2.5900000e+001  3.5780000e+001  1.0237003e+003  0.0000000e+000  0.0000000e+000
  1.5500000e+001  0.0000000e+000  2.5950000e+001  3.5670000e+001  1.0235565e+003 -9.6000000e-001  0.0000000e+000
  1.5500000e+001 -1.0000000e-001  2.5937406e+001  3.5672533e+001  1.0235670e+003 -9.7671660e-001 -8.1765091e-003
  1.5500000e+001 -2.0000000e-001  2.5900201e+001  3.5716840e+001  1.0236168e+003 -9.3713311e-001 -1.0988950e-002
  1.5500000e+001 -3.0000000e-001  2.5914718e+001  3.5695544e+001  1.0236009e+003 -8.8847256e-001  1.3162361e-002
  1.5500000e+001 -4.0000000e-001  2.5902737e+001  3.5706362e+001  1.0236174e+003 -8.6143348e-001  1.4247944e-002
  1.5500000e+001 -5.0000000e-001  2.5891330e+001  3.5719022e+001  1.0236353e+003 -8.3745633e-001  1.6399343e-002
  1.5500000e+001 -6.0000000e-001  2.5870478e+001  3.5731358e+001  1.0236558e+003 -7.9442923e-001  2.5808444e-002
  1.5500000e+001 -7.0000000e-001  2.5851808e+001  3.5754075e+001  1.0236835e+003 -7.6250099e-001  3.9692184e-002
  1.5500000e+001 -8.0000000e-001  2.5855660e+001  3.5744516e+001  1.0236798e+003 -6.6306262e-001  5.4931569e-002
  1.5500000e+001 -9.0000000e-001  2.5831723e+001  3.5768467e+001  1.0237100e+003 -5.1879606e-001  3.5116175e-002
  1.5500000e+001 -1.0000000e+000  2.5840000e+001  3.5770000e+001  1.0237132e+003  0.0000000e+000  0.0000000e+000
  1.6000000e+001  0.0000000e+000  2.5870000e+001  3.5700000e+001  1.0236041e+003 -6.7906808e-001 -3.5588450e-002
  1.6000000e+001 -1.0000000e-001  2.5904774e+001  3.5675378e+001  1.0235795e+003 -7.1548509e-001 -2.5842231e-002
  1.6000000e+001 -2.0000000e-001  2.5904099e+001  3.5682808e+001  1.0235902e+003 -6.5262150e-001 -3.7588707e-002
  1.6000000e+001 -3.0000000e-001  2.5884731e+001  3.5687641e+001  1.0236048e+003 -6.4844923e-001 -4.5346939e-002
  1.6000000e+001 -4.0000000e-001  2.5839359e+001  3.5700664e+001  1.0236336e+003 -6.3620445e-001  1.2406493e-002
  1.6000000e+001 -5.0000000e-001  2.5834398e+001  3.5724626e+001  1.0236581e+003 -6.2890499e-001  1.3640906e-002
  1.6000000e+001 -6.0000000e-001  2.5774401e+001  3.5740838e+001  1.0236939e+003 -6.0134537e-001  3.1017928e-002
  1.6000000e+001 -7.0000000e-001  2.5836304e+001  3.5708138e+001  1.0236548e+003 -5.5792731e-001  2.9972553e-002
  1.6000000e+001 -8.0000000e-001  2.5738703e+001  3.5790682e+001  1.0237524e+003 -5.4783243e-001  5.0149489e-002
  1.6000000e+001 -9.0000000e-001  2.5778598e+001  3.5767849e+001  1.0237277e+003 -4.7156403e-001  7.1443464e-002
  1.6000000e+001 -1.0000000e+000  2.5770000e+001  3.5770000e+001  1.0237368e+003  0.0000000e+000  0.0000000e+000
  1.6500000e+001  0.0000000e+000  2.5530000e+001  3.5910000e+001  1.0238682e+003 -4.9885528e-001 -1.0603496e-001
  1.6500000e+001 -1.0000000e-001  2.5592121e+001  3.5867077e+001  1.0238216e+003 -5.0510592e-001 -1.2901611e-001
  1.6500000e+001 -2.0000000e-001  2.5769043e+001  3.5806728e+001  1.0237261e+003 -4.7728252e-001 -6.0567036e-002
  1.6500000e+001 -3.0000000e-001  2.5770301e+001  3.5799758e+001  1.0237256e+003 -4.5192524e-001 -4.4322282e-002
  1.6500000e+001 -4.0000000e-001  2.5725831e+001  3.5834023e+001  1.0237703e+003 -4.3587394e-001  3.3816965e-003
  1.6500000e+001 -5.0000000e-001  2.5673445e+001  3.5898037e+001  1.0238399e+003 -4.4062637e-001  2.9875653e-002
  1.6500000e+001 -6.0000000e-001  2.5649707e+001  3.5920236e+001  1.0238691e+003 -4.2681044e-001  4.6946439e-002
  1.6500000e+001 -7.0000000e-001  2.5649950e+001  3.5915322e+001  1.0238704e+003 -4.0965001e-001  6.4212890e-002
  1.6500000e+001 -8.0000000e-001  2.5650188e+001  3.5921426e+001  1.0238800e+003 -3.9257376e-001  7.5480811e-002
  1.6500000e+001 -9.0000000e-001  2.5608601e+001  3.5951804e+001  1.0239208e+003 -3.4788643e-001  7.5207140e-002
  1.6500000e+001 -1.0000000e+000  2.5610000e+001  3.5950000e+001  1.0239241e+003  0.0000000e+000  0.0000000e+000
  1.7000000e+001  0.0000000e+000  2.5630000e+001  3.5630000e+001  1.0236258e+003 -1.3714677e-001 -8.2406092e-002
  1.7000000e+001 -1.0000000e-001  2.5868860e+001  3.5652042e+001  1.0235735e+003 -1.6410705e-001 -8.9361425e-002
  1.7000000e+001 -2.0000000e-001  2.5769029e+001  3.5840793e+001  1.0237522e+003 -9.9970218e-002 -4.4022616e-002
  1.7000000e+001 -3.0000000e-001  2.5621623e+001  3.5959405e+001  1.0238928e+003 -8.6062935e-002  2.7354979e-003
  1.7000000e+001 -4.0000000e-001  2.5593962e+001  3.5987192e+001  1.0239277e+003 -7.9112699e-002  1.4617905e-002
  1.7000000e+001 -5.0000000e-001  2.5580043e+001  3.5988613e+001  1.0239383e+003 -7.1004831e-002  1.1628663e-002
  1.7000000e+001 -6.0000000e-001  2.5573782e+001  3.5992591e+001  1.0239484e+003 -8.1945313e-002  3.8537581e-002
  1.7000000e+001 -7.0000000e-001  2.5559933e+001  3.5989992e+001  1.0239559e+003 -4.5397694e-002  3.9241957e-002
  1.7000000e+001 -8.0000000e-001  2.5559937e+001  3.5987478e+001  1.0239593e+003 -2.7342053e-002  5.5238621e-002
  1.7000000e+001 -9.0000000e-001  2.5560183e+001  3.5989937e+001  1.0239663e+003 -2.9557299e-002  5.0818458e-002
  1.7000000e+001 -1.0000000e+000  2.5570000e+001  3.5990000e+001  1.0239685e+003  0.0000000e+000  0.0000000e+000

