  %Quadratura # 16/01/08 - Serie com 26 perfis # início 05:30 h até 18:00 h
  2.0000000e+000  2.0000000e+000  2.0000000e+000  5.5000000e+000  0.0000000e+000  3.1528923e-001  3.1031547e+002
  2.0000000e+000  2.0000000e+000  2.0000000e+000  5.5000000e+000 -9.0000000e-001  2.4528923e-001  3.1031547e+002
  2.0000000e+000  2.0000000e+000  2.0000000e+000  5.5000000e+000 -1.4000000e+000  2.2790080e-001  3.1421688e+002
  2.0000000e+000  2.0000000e+000  2.0000000e+000  5.5000000e+000 -1.9000000e+000  2.8840205e-001  3.1404082e+002
  2.0000000e+000  2.0000000e+000  2.0000000e+000  5.5000000e+000 -2.4000000e+000  3.1593078e-001  3.1371699e+002
  2.0000000e+000  2.0000000e+000  2.0000000e+000  5.5000000e+000 -2.9000000e+000  3.0542578e-001  3.1285073e+002
  2.0000000e+000  2.0000000e+000  2.0000000e+000  5.5000000e+000 -3.4000000e+000  2.9983641e-001  3.1024328e+002
  2.0000000e+000  2.0000000e+000  2.0000000e+000  5.5000000e+000 -3.9000000e+000  3.3099052e-001  3.0475829e+002
  2.0000000e+000  2.0000000e+000  2.0000000e+000  5.5000000e+000 -4.4000000e+000  3.2406314e-001  3.0265655e+002
  2.0000000e+000  2.0000000e+000  2.0000000e+000  5.5000000e+000 -4.9000000e+000  3.0792713e-001  3.0551193e+002
  2.0000000e+000  2.0000000e+000  2.0000000e+000  5.5000000e+000 -5.4000000e+000  3.3141333e-001  3.0480748e+002
  2.0000000e+000  2.0000000e+000  2.0000000e+000  5.5000000e+000 -5.9000000e+000  3.4208681e-001  3.0499374e+002
  2.0000000e+000  2.0000000e+000  2.0000000e+000  5.5000000e+000 -6.4000000e+000  3.2322134e-001  3.0405101e+002
  2.0000000e+000  2.0000000e+000  2.0000000e+000  5.5000000e+000 -6.9000000e+000  3.3857322e-001  3.0693647e+002
  2.0000000e+000  2.0000000e+000  2.0000000e+000  5.5000000e+000 -7.4000000e+000  3.1893660e-001  3.0183132e+002
  2.0000000e+000  2.0000000e+000  2.0000000e+000  5.5000000e+000 -7.9000000e+000  3.0621985e-001  3.0087035e+002
  2.0000000e+000  2.0000000e+000  2.0000000e+000  5.5000000e+000 -8.4000000e+000  3.1539906e-001  3.0474936e+002
  2.0000000e+000  2.0000000e+000  2.0000000e+000  5.5000000e+000 -8.9000000e+000  2.7210820e-001  3.0401267e+002
  2.0000000e+000  2.0000000e+000  2.0000000e+000  5.5000000e+000 -9.4000000e+000  2.7383077e-001  2.9978643e+002
  2.0000000e+000  2.0000000e+000  2.0000000e+000  5.5000000e+000 -9.9000000e+000  2.5808700e-001  3.0039782e+002
  2.0000000e+000  2.0000000e+000  2.0000000e+000  5.5000000e+000 -1.0400000e+001  2.5341478e-001  2.9954700e+002
  2.0000000e+000  2.0000000e+000  2.0000000e+000  5.5000000e+000 -1.0900000e+001  2.4250708e-001  2.9964137e+002
  2.0000000e+000  2.0000000e+000  2.0000000e+000  5.5000000e+000 -1.1400000e+001  1.6000392e-001  3.0955853e+002
  2.0000000e+000  2.0000000e+000  2.0000000e+000  5.5000000e+000 -1.1900000e+001  0.0000000e+000  3.0955853e+002
  2.0000000e+000  2.0000000e+000  3.0000000e+000  6.0000000e+000  0.0000000e+000  3.0000000e-001  3.0662943e+002
  2.0000000e+000  2.0000000e+000  3.0000000e+000  6.0000000e+000 -9.0000000e-001  3.0122041e-001  3.0662943e+002
  2.0000000e+000  2.0000000e+000  3.0000000e+000  6.0000000e+000 -1.4000000e+000  3.1247454e-001  3.0665364e+002
  2.0000000e+000  2.0000000e+000  3.0000000e+000  6.0000000e+000 -1.9000000e+000  3.3537933e-001  3.0308492e+002
  2.0000000e+000  2.0000000e+000  3.0000000e+000  6.0000000e+000 -2.4000000e+000  3.1398535e-001  3.0002921e+002
  2.0000000e+000  2.0000000e+000  3.0000000e+000  6.0000000e+000 -2.9000000e+000  3.3092538e-001  2.9679374e+002
  2.0000000e+000  2.0000000e+000  3.0000000e+000  6.0000000e+000 -3.4000000e+000  3.2578377e-001  2.9958606e+002
  2.0000000e+000  2.0000000e+000  3.0000000e+000  6.0000000e+000 -3.9000000e+000  3.2929551e-001  2.9541517e+002
  2.0000000e+000  2.0000000e+000  3.0000000e+000  6.0000000e+000 -4.4000000e+000  3.4057472e-001  2.9458604e+002
  2.0000000e+000  2.0000000e+000  3.0000000e+000  6.0000000e+000 -4.9000000e+000  3.1138209e-001  2.9481268e+002
  2.0000000e+000  2.0000000e+000  3.0000000e+000  6.0000000e+000 -5.4000000e+000  3.1216075e-001  2.9002376e+002
  2.0000000e+000  2.0000000e+000  3.0000000e+000  6.0000000e+000 -5.9000000e+000  2.9616491e-001  2.8785470e+002
  2.0000000e+000  2.0000000e+000  3.0000000e+000  6.0000000e+000 -6.4000000e+000  3.1640147e-001  2.8984097e+002
  2.0000000e+000  2.0000000e+000  3.0000000e+000  6.0000000e+000 -6.9000000e+000  2.8155323e-001  2.8469835e+002
  2.0000000e+000  2.0000000e+000  3.0000000e+000  6.0000000e+000 -7.4000000e+000  2.7705854e-001  2.9050042e+002
  2.0000000e+000  2.0000000e+000  3.0000000e+000  6.0000000e+000 -7.9000000e+000  2.4449954e-001  2.9390621e+002
  2.0000000e+000  2.0000000e+000  3.0000000e+000  6.0000000e+000 -8.4000000e+000  2.3680707e-001  2.9518484e+002
  2.0000000e+000  2.0000000e+000  3.0000000e+000  6.0000000e+000 -8.9000000e+000  2.4145911e-001  2.9126548e+002
  2.0000000e+000  2.0000000e+000  3.0000000e+000  6.0000000e+000 -9.4000000e+000  2.4524598e-001  2.9714678e+002
  2.0000000e+000  2.0000000e+000  3.0000000e+000  6.0000000e+000 -9.9000000e+000  2.4757122e-001  2.9817111e+002
  2.0000000e+000  2.0000000e+000  3.0000000e+000  6.0000000e+000 -1.0400000e+001  2.2657607e-001  3.0093514e+002
  2.0000000e+000  2.0000000e+000  3.0000000e+000  6.0000000e+000 -1.0900000e+001  2.2121139e-001  3.0848334e+002
  2.0000000e+000  2.0000000e+000  3.0000000e+000  6.0000000e+000 -1.1400000e+001  1.9283649e-001  3.0568127e+002
  2.0000000e+000  2.0000000e+000  3.0000000e+000  6.0000000e+000 -1.1900000e+001  1.3002123e-001  3.0807141e+002
  2.0000000e+000  2.0000000e+000  3.0000000e+000  6.0000000e+000 -1.2000000e+001  0.0000000e+000  3.0807141e+002
  2.0000000e+000  2.0000000e+000  4.0000000e+000  6.5000000e+000  0.0000000e+000  2.9140000e-001  3.1292665e+002
  2.0000000e+000  2.0000000e+000  4.0000000e+000  6.5000000e+000 -9.0000000e-001  2.5376914e-001  3.1292665e+002
  2.0000000e+000  2.0000000e+000  4.0000000e+000  6.5000000e+000 -1.4000000e+000  2.4152508e-001  3.0726373e+002
  2.0000000e+000  2.0000000e+000  4.0000000e+000  6.5000000e+000 -1.9000000e+000  2.7183445e-001  3.0574417e+002
  2.0000000e+000  2.0000000e+000  4.0000000e+000  6.5000000e+000 -2.4000000e+000  2.7706327e-001  3.0228815e+002
  2.0000000e+000  2.0000000e+000  4.0000000e+000  6.5000000e+000 -2.9000000e+000  2.7075735e-001  3.0113182e+002
  2.0000000e+000  2.0000000e+000  4.0000000e+000  6.5000000e+000 -3.4000000e+000  2.8119501e-001  3.0282710e+002
  2.0000000e+000  2.0000000e+000  4.0000000e+000  6.5000000e+000 -3.9000000e+000  2.6610509e-001  3.0426171e+002
  2.0000000e+000  2.0000000e+000  4.0000000e+000  6.5000000e+000 -4.4000000e+000  2.7397004e-001  2.9912348e+002
  2.0000000e+000  2.0000000e+000  4.0000000e+000  6.5000000e+000 -4.9000000e+000  2.6005309e-001  2.9671606e+002
  2.0000000e+000  2.0000000e+000  4.0000000e+000  6.5000000e+000 -5.4000000e+000  2.1632296e-001  2.9719970e+002
  2.0000000e+000  2.0000000e+000  4.0000000e+000  6.5000000e+000 -5.9000000e+000  2.2436281e-001  2.9696194e+002
  2.0000000e+000  2.0000000e+000  4.0000000e+000  6.5000000e+000 -6.4000000e+000  2.1924637e-001  2.9390547e+002
  2.0000000e+000  2.0000000e+000  4.0000000e+000  6.5000000e+000 -6.9000000e+000  2.0604594e-001  2.9593996e+002
  2.0000000e+000  2.0000000e+000  4.0000000e+000  6.5000000e+000 -7.4000000e+000  2.1152830e-001  2.9474964e+002
  2.0000000e+000  2.0000000e+000  4.0000000e+000  6.5000000e+000 -7.9000000e+000  2.1396282e-001  2.9848135e+002
  2.0000000e+000  2.0000000e+000  4.0000000e+000  6.5000000e+000 -8.4000000e+000  2.1290323e-001  3.0312353e+002
  2.0000000e+000  2.0000000e+000  4.0000000e+000  6.5000000e+000 -8.9000000e+000  2.0976517e-001  3.0721546e+002
  2.0000000e+000  2.0000000e+000  4.0000000e+000  6.5000000e+000 -9.4000000e+000  2.3059562e-001  3.1176466e+002
  2.0000000e+000  2.0000000e+000  4.0000000e+000  6.5000000e+000 -9.9000000e+000  2.3047879e-001  3.1075958e+002
  2.0000000e+000  2.0000000e+000  4.0000000e+000  6.5000000e+000 -1.0400000e+001  2.1335355e-001  3.1266461e+002
  2.0000000e+000  2.0000000e+000  4.0000000e+000  6.5000000e+000 -1.0900000e+001  2.1437458e-001  3.1515073e+002
  2.0000000e+000  2.0000000e+000  4.0000000e+000  6.5000000e+000 -1.1400000e+001  1.9755647e-001  3.1975695e+002
  2.0000000e+000  2.0000000e+000  4.0000000e+000  6.5000000e+000 -1.1900000e+001  1.3809982e-001  3.2419385e+002
  2.0000000e+000  2.0000000e+000  4.0000000e+000  6.5000000e+000 -1.2120000e+001  0.0000000e+000  3.2419385e+002
  2.0000000e+000  2.0000000e+000  5.0000000e+000  7.0000000e+000  0.0000000e+000  2.6000879e-001  2.9878316e+002
  2.0000000e+000  2.0000000e+000  5.0000000e+000  7.0000000e+000 -9.0000000e-001  2.3094879e-001  2.9878316e+002
  2.0000000e+000  2.0000000e+000  5.0000000e+000  7.0000000e+000 -1.4000000e+000  2.4166163e-001  3.0342867e+002
  2.0000000e+000  2.0000000e+000  5.0000000e+000  7.0000000e+000 -1.9000000e+000  2.4481260e-001  2.9357198e+002
  2.0000000e+000  2.0000000e+000  5.0000000e+000  7.0000000e+000 -2.4000000e+000  2.8212143e-001  2.9507654e+002
  2.0000000e+000  2.0000000e+000  5.0000000e+000  7.0000000e+000 -2.9000000e+000  2.6545411e-001  3.0083564e+002
  2.0000000e+000  2.0000000e+000  5.0000000e+000  7.0000000e+000 -3.4000000e+000  2.9621756e-001  2.9729063e+002
  2.0000000e+000  2.0000000e+000  5.0000000e+000  7.0000000e+000 -3.9000000e+000  2.9095870e-001  2.9624036e+002
  2.0000000e+000  2.0000000e+000  5.0000000e+000  7.0000000e+000 -4.4000000e+000  2.9019960e-001  2.9187732e+002
  2.0000000e+000  2.0000000e+000  5.0000000e+000  7.0000000e+000 -4.9000000e+000  3.0010703e-001  2.9266597e+002
  2.0000000e+000  2.0000000e+000  5.0000000e+000  7.0000000e+000 -5.4000000e+000  2.7294652e-001  2.9083559e+002
  2.0000000e+000  2.0000000e+000  5.0000000e+000  7.0000000e+000 -5.9000000e+000  2.9461497e-001  2.9482668e+002
  2.0000000e+000  2.0000000e+000  5.0000000e+000  7.0000000e+000 -6.4000000e+000  2.9226139e-001  2.9583580e+002
  2.0000000e+000  2.0000000e+000  5.0000000e+000  7.0000000e+000 -6.9000000e+000  2.9376639e-001  2.9621725e+002
  2.0000000e+000  2.0000000e+000  5.0000000e+000  7.0000000e+000 -7.4000000e+000  2.7295329e-001  2.9770448e+002
  2.0000000e+000  2.0000000e+000  5.0000000e+000  7.0000000e+000 -7.9000000e+000  2.6535005e-001  2.9457358e+002
  2.0000000e+000  2.0000000e+000  5.0000000e+000  7.0000000e+000 -8.4000000e+000  2.8101121e-001  3.0043095e+002
  2.0000000e+000  2.0000000e+000  5.0000000e+000  7.0000000e+000 -8.9000000e+000  2.7975879e-001  2.9817269e+002
  2.0000000e+000  2.0000000e+000  5.0000000e+000  7.0000000e+000 -9.4000000e+000  2.6806043e-001  2.9873422e+002
  2.0000000e+000  2.0000000e+000  5.0000000e+000  7.0000000e+000 -9.9000000e+000  2.5270682e-001  2.9882310e+002
  2.0000000e+000  2.0000000e+000  5.0000000e+000  7.0000000e+000 -1.0400000e+001  2.6202602e-001  3.0593252e+002
  2.0000000e+000  2.0000000e+000  5.0000000e+000  7.0000000e+000 -1.0900000e+001  2.4034054e-001  3.0598155e+002
  2.0000000e+000  2.0000000e+000  5.0000000e+000  7.0000000e+000 -1.1400000e+001  1.8968625e-001  3.0817313e+002
  2.0000000e+000  2.0000000e+000  5.0000000e+000  7.0000000e+000 -1.1900000e+001  1.2303155e-001  3.1351906e+002
  2.0000000e+000  2.0000000e+000  5.0000000e+000  7.0000000e+000 -1.2250000e+001  0.0000000e+000  3.1351906e+002
  2.0000000e+000  2.0000000e+000  6.0000000e+000  7.5000000e+000  0.0000000e+000  3.3768857e-001  3.0487469e+002
  2.0000000e+000  2.0000000e+000  6.0000000e+000  7.5000000e+000 -9.0000000e-001  3.1768857e-001  3.0487469e+002
  2.0000000e+000  2.0000000e+000  6.0000000e+000  7.5000000e+000 -1.4000000e+000  2.9708814e-001  3.0407934e+002
  2.0000000e+000  2.0000000e+000  6.0000000e+000  7.5000000e+000 -1.9000000e+000  3.1334941e-001  3.0262371e+002
  2.0000000e+000  2.0000000e+000  6.0000000e+000  7.5000000e+000 -2.4000000e+000  3.0062784e-001  2.9913846e+002
  2.0000000e+000  2.0000000e+000  6.0000000e+000  7.5000000e+000 -2.9000000e+000  3.0527997e-001  2.9868900e+002
  2.0000000e+000  2.0000000e+000  6.0000000e+000  7.5000000e+000 -3.4000000e+000  3.0278706e-001  3.0378697e+002
  2.0000000e+000  2.0000000e+000  6.0000000e+000  7.5000000e+000 -3.9000000e+000  2.8607533e-001  2.9768117e+002
  2.0000000e+000  2.0000000e+000  6.0000000e+000  7.5000000e+000 -4.4000000e+000  3.0759015e-001  2.9911226e+002
  2.0000000e+000  2.0000000e+000  6.0000000e+000  7.5000000e+000 -4.9000000e+000  2.7448792e-001  2.9670786e+002
  2.0000000e+000  2.0000000e+000  6.0000000e+000  7.5000000e+000 -5.4000000e+000  2.9549708e-001  2.9571553e+002
  2.0000000e+000  2.0000000e+000  6.0000000e+000  7.5000000e+000 -5.9000000e+000  2.9590239e-001  3.0083757e+002
  2.0000000e+000  2.0000000e+000  6.0000000e+000  7.5000000e+000 -6.4000000e+000  2.8532323e-001  2.9681941e+002
  2.0000000e+000  2.0000000e+000  6.0000000e+000  7.5000000e+000 -6.9000000e+000  2.7565310e-001  2.9291562e+002
  2.0000000e+000  2.0000000e+000  6.0000000e+000  7.5000000e+000 -7.4000000e+000  2.7419539e-001  2.9153882e+002
  2.0000000e+000  2.0000000e+000  6.0000000e+000  7.5000000e+000 -7.9000000e+000  2.7722131e-001  2.9151066e+002
  2.0000000e+000  2.0000000e+000  6.0000000e+000  7.5000000e+000 -8.4000000e+000  2.7576311e-001  2.8995195e+002
  2.0000000e+000  2.0000000e+000  6.0000000e+000  7.5000000e+000 -8.9000000e+000  2.6904098e-001  2.9274792e+002
  2.0000000e+000  2.0000000e+000  6.0000000e+000  7.5000000e+000 -9.4000000e+000  2.5019064e-001  2.9222551e+002
  2.0000000e+000  2.0000000e+000  6.0000000e+000  7.5000000e+000 -9.9000000e+000  2.2972445e-001  2.8834436e+002
  2.0000000e+000  2.0000000e+000  6.0000000e+000  7.5000000e+000 -1.0400000e+001  2.4896721e-001  2.9561050e+002
  2.0000000e+000  2.0000000e+000  6.0000000e+000  7.5000000e+000 -1.0900000e+001  2.3021740e-001  3.0095954e+002
  2.0000000e+000  2.0000000e+000  6.0000000e+000  7.5000000e+000 -1.1400000e+001  2.1247399e-001  2.9630252e+002
  2.0000000e+000  2.0000000e+000  6.0000000e+000  7.5000000e+000 -1.1900000e+001  1.3715926e-001  3.0749050e+002
  2.0000000e+000  2.0000000e+000  6.0000000e+000  7.5000000e+000 -1.2370000e+001  0.0000000e+000  3.0749050e+002
  2.0000000e+000  2.0000000e+000  7.0000000e+000  8.0000000e+000  0.0000000e+000  3.4500789e-001  3.1341970e+002
  2.0000000e+000  2.0000000e+000  7.0000000e+000  8.0000000e+000 -9.0000000e-001  3.2945789e-001  3.1341970e+002
  2.0000000e+000  2.0000000e+000  7.0000000e+000  8.0000000e+000 -1.4000000e+000  3.2300580e-001  3.0932927e+002
  2.0000000e+000  2.0000000e+000  7.0000000e+000  8.0000000e+000 -1.9000000e+000  3.3992546e-001  3.0722671e+002
  2.0000000e+000  2.0000000e+000  7.0000000e+000  8.0000000e+000 -2.4000000e+000  3.2075083e-001  3.1076737e+002
  2.0000000e+000  2.0000000e+000  7.0000000e+000  8.0000000e+000 -2.9000000e+000  3.4751737e-001  3.0799167e+002
  2.0000000e+000  2.0000000e+000  7.0000000e+000  8.0000000e+000 -3.4000000e+000  3.4284226e-001  3.0925376e+002
  2.0000000e+000  2.0000000e+000  7.0000000e+000  8.0000000e+000 -3.9000000e+000  3.3076804e-001  3.0637412e+002
  2.0000000e+000  2.0000000e+000  7.0000000e+000  8.0000000e+000 -4.4000000e+000  3.2250559e-001  3.0123145e+002
  2.0000000e+000  2.0000000e+000  7.0000000e+000  8.0000000e+000 -4.9000000e+000  3.0154388e-001  2.9782449e+002
  2.0000000e+000  2.0000000e+000  7.0000000e+000  8.0000000e+000 -5.4000000e+000  2.9918938e-001  2.9800153e+002
  2.0000000e+000  2.0000000e+000  7.0000000e+000  8.0000000e+000 -5.9000000e+000  2.9285187e-001  2.9883820e+002
  2.0000000e+000  2.0000000e+000  7.0000000e+000  8.0000000e+000 -6.4000000e+000  2.8886854e-001  2.9957726e+002
  2.0000000e+000  2.0000000e+000  7.0000000e+000  8.0000000e+000 -6.9000000e+000  2.7249883e-001  2.9844063e+002
  2.0000000e+000  2.0000000e+000  7.0000000e+000  8.0000000e+000 -7.4000000e+000  2.8750728e-001  2.9822713e+002
  2.0000000e+000  2.0000000e+000  7.0000000e+000  8.0000000e+000 -7.9000000e+000  2.9065359e-001  3.0007731e+002
  2.0000000e+000  2.0000000e+000  7.0000000e+000  8.0000000e+000 -8.4000000e+000  2.6549978e-001  2.9788754e+002
  2.0000000e+000  2.0000000e+000  7.0000000e+000  8.0000000e+000 -8.9000000e+000  2.8139842e-001  3.0138143e+002
  2.0000000e+000  2.0000000e+000  7.0000000e+000  8.0000000e+000 -9.4000000e+000  2.4118300e-001  3.0078351e+002
  2.0000000e+000  2.0000000e+000  7.0000000e+000  8.0000000e+000 -9.9000000e+000  2.5866695e-001  3.0079999e+002
  2.0000000e+000  2.0000000e+000  7.0000000e+000  8.0000000e+000 -1.0400000e+001  2.6157692e-001  3.0211654e+002
  2.0000000e+000  2.0000000e+000  7.0000000e+000  8.0000000e+000 -1.0900000e+001  2.4485901e-001  3.0160041e+002
  2.0000000e+000  2.0000000e+000  7.0000000e+000  8.0000000e+000 -1.1400000e+001  2.3799530e-001  3.0339745e+002
  2.0000000e+000  2.0000000e+000  7.0000000e+000  8.0000000e+000 -1.1900000e+001  1.9346439e-001  3.0488479e+002
  2.0000000e+000  2.0000000e+000  7.0000000e+000  8.0000000e+000 -1.2500000e+001  0.0000000e+000  3.0488479e+002
  2.0000000e+000  2.0000000e+000  8.0000000e+000  8.5000000e+000  0.0000000e+000  3.0000000e-001  3.1504908e+002
  2.0000000e+000  2.0000000e+000  8.0000000e+000  8.5000000e+000 -9.0000000e-001  3.0429016e-001  3.1504908e+002
  2.0000000e+000  2.0000000e+000  8.0000000e+000  8.5000000e+000 -1.4000000e+000  3.0955982e-001  3.1111249e+002
  2.0000000e+000  2.0000000e+000  8.0000000e+000  8.5000000e+000 -1.9000000e+000  3.3714179e-001  3.1069982e+002
  2.0000000e+000  2.0000000e+000  8.0000000e+000  8.5000000e+000 -2.4000000e+000  3.4415443e-001  3.0487437e+002
  2.0000000e+000  2.0000000e+000  8.0000000e+000  8.5000000e+000 -2.9000000e+000  3.2587866e-001  3.0660749e+002
  2.0000000e+000  2.0000000e+000  8.0000000e+000  8.5000000e+000 -3.4000000e+000  3.1891330e-001  3.0535676e+002
  2.0000000e+000  2.0000000e+000  8.0000000e+000  8.5000000e+000 -3.9000000e+000  3.1075683e-001  2.9971285e+002
  2.0000000e+000  2.0000000e+000  8.0000000e+000  8.5000000e+000 -4.4000000e+000  3.1893664e-001  3.0043593e+002
  2.0000000e+000  2.0000000e+000  8.0000000e+000  8.5000000e+000 -4.9000000e+000  3.2287611e-001  3.0388686e+002
  2.0000000e+000  2.0000000e+000  8.0000000e+000  8.5000000e+000 -5.4000000e+000  3.0687272e-001  3.0153827e+002
  2.0000000e+000  2.0000000e+000  8.0000000e+000  8.5000000e+000 -5.9000000e+000  3.2296138e-001  3.0317659e+002
  2.0000000e+000  2.0000000e+000  8.0000000e+000  8.5000000e+000 -6.4000000e+000  3.1049661e-001  3.0577384e+002
  2.0000000e+000  2.0000000e+000  8.0000000e+000  8.5000000e+000 -6.9000000e+000  3.1394197e-001  3.0579800e+002
  2.0000000e+000  2.0000000e+000  8.0000000e+000  8.5000000e+000 -7.4000000e+000  3.0695256e-001  3.0548120e+002
  2.0000000e+000  2.0000000e+000  8.0000000e+000  8.5000000e+000 -7.9000000e+000  3.1354260e-001  3.0744517e+002
  2.0000000e+000  2.0000000e+000  8.0000000e+000  8.5000000e+000 -8.4000000e+000  2.7728004e-001  3.0360108e+002
  2.0000000e+000  2.0000000e+000  8.0000000e+000  8.5000000e+000 -8.9000000e+000  3.0347200e-001  3.1106862e+002
  2.0000000e+000  2.0000000e+000  8.0000000e+000  8.5000000e+000 -9.4000000e+000  2.9247459e-001  3.0544143e+002
  2.0000000e+000  2.0000000e+000  8.0000000e+000  8.5000000e+000 -9.9000000e+000  3.0627675e-001  3.0547638e+002
  2.0000000e+000  2.0000000e+000  8.0000000e+000  8.5000000e+000 -1.0400000e+001  2.9780191e-001  3.0580671e+002
  2.0000000e+000  2.0000000e+000  8.0000000e+000  8.5000000e+000 -1.0900000e+001  3.0864474e-001  3.0584504e+002
  2.0000000e+000  2.0000000e+000  8.0000000e+000  8.5000000e+000 -1.1400000e+001  2.7814764e-001  3.0904983e+002
  2.0000000e+000  2.0000000e+000  8.0000000e+000  8.5000000e+000 -1.1900000e+001  2.8818780e-001  3.0826272e+002
  2.0000000e+000  2.0000000e+000  8.0000000e+000  8.5000000e+000 -1.2400000e+001  1.4639368e-001  2.9810540e+002
  2.0000000e+000  2.0000000e+000  8.0000000e+000  8.5000000e+000 -1.2620000e+001  0.0000000e+000  2.9810540e+002
  2.0000000e+000  2.0000000e+000  9.0000000e+000  9.0000000e+000  0.0000000e+000  3.1500000e-001  3.1165246e+002
  2.0000000e+000  2.0000000e+000  9.0000000e+000  9.0000000e+000 -9.0000000e-001  3.1306255e-001  3.1165246e+002
  2.0000000e+000  2.0000000e+000  9.0000000e+000  9.0000000e+000 -1.4000000e+000  3.0957088e-001  3.0151101e+002
  2.0000000e+000  2.0000000e+000  9.0000000e+000  9.0000000e+000 -1.9000000e+000  2.9357559e-001  3.0046168e+002
  2.0000000e+000  2.0000000e+000  9.0000000e+000  9.0000000e+000 -2.4000000e+000  3.1345194e-001  3.0247733e+002
  2.0000000e+000  2.0000000e+000  9.0000000e+000  9.0000000e+000 -2.9000000e+000  2.8612947e-001  3.0082092e+002
  2.0000000e+000  2.0000000e+000  9.0000000e+000  9.0000000e+000 -3.4000000e+000  3.0136225e-001  3.0154971e+002
  2.0000000e+000  2.0000000e+000  9.0000000e+000  9.0000000e+000 -3.9000000e+000  2.8394170e-001  3.0420895e+002
  2.0000000e+000  2.0000000e+000  9.0000000e+000  9.0000000e+000 -4.4000000e+000  3.0150942e-001  2.9954226e+002
  2.0000000e+000  2.0000000e+000  9.0000000e+000  9.0000000e+000 -4.9000000e+000  3.0802995e-001  3.0341065e+002
  2.0000000e+000  2.0000000e+000  9.0000000e+000  9.0000000e+000 -5.4000000e+000  3.2725931e-001  3.0259369e+002
  2.0000000e+000  2.0000000e+000  9.0000000e+000  9.0000000e+000 -5.9000000e+000  3.0206105e-001  3.0089603e+002
  2.0000000e+000  2.0000000e+000  9.0000000e+000  9.0000000e+000 -6.4000000e+000  2.7605802e-001  3.0773867e+002
  2.0000000e+000  2.0000000e+000  9.0000000e+000  9.0000000e+000 -6.9000000e+000  2.9807147e-001  3.0522230e+002
  2.0000000e+000  2.0000000e+000  9.0000000e+000  9.0000000e+000 -7.4000000e+000  2.8815128e-001  3.0307744e+002
  2.0000000e+000  2.0000000e+000  9.0000000e+000  9.0000000e+000 -7.9000000e+000  2.9958805e-001  3.0508949e+002
  2.0000000e+000  2.0000000e+000  9.0000000e+000  9.0000000e+000 -8.4000000e+000  3.1165206e-001  3.0471572e+002
  2.0000000e+000  2.0000000e+000  9.0000000e+000  9.0000000e+000 -8.9000000e+000  3.0695350e-001  3.0485644e+002
  2.0000000e+000  2.0000000e+000  9.0000000e+000  9.0000000e+000 -9.4000000e+000  2.9561090e-001  3.0763197e+002
  2.0000000e+000  2.0000000e+000  9.0000000e+000  9.0000000e+000 -9.9000000e+000  2.8485260e-001  3.1199488e+002
  2.0000000e+000  2.0000000e+000  9.0000000e+000  9.0000000e+000 -1.0400000e+001  2.9567349e-001  3.1124891e+002
  2.0000000e+000  2.0000000e+000  9.0000000e+000  9.0000000e+000 -1.0900000e+001  2.9332901e-001  3.1306142e+002
  2.0000000e+000  2.0000000e+000  9.0000000e+000  9.0000000e+000 -1.1400000e+001  2.8283266e-001  3.1281531e+002
  2.0000000e+000  2.0000000e+000  9.0000000e+000  9.0000000e+000 -1.1900000e+001  2.8450449e-001  3.1308656e+002
  2.0000000e+000  2.0000000e+000  9.0000000e+000  9.0000000e+000 -1.2400000e+001  1.6976865e-001  3.1375249e+002
  2.0000000e+000  2.0000000e+000  9.0000000e+000  9.0000000e+000 -1.2720000e+001  0.0000000e+000  3.1375249e+002
  2.0000000e+000  2.0000000e+000  1.0000000e+001  9.5000000e+000  0.0000000e+000  2.3000000e-001  2.9639981e+002
  2.0000000e+000  2.0000000e+000  1.0000000e+001  9.5000000e+000 -9.0000000e-001  2.2829513e-001  2.9639981e+002
  2.0000000e+000  2.0000000e+000  1.0000000e+001  9.5000000e+000 -1.4000000e+000  2.2929463e-001  3.0236730e+002
  2.0000000e+000  2.0000000e+000  1.0000000e+001  9.5000000e+000 -1.9000000e+000  2.2581457e-001  2.9535605e+002
  2.0000000e+000  2.0000000e+000  1.0000000e+001  9.5000000e+000 -2.4000000e+000  2.3908663e-001  2.9047169e+002
  2.0000000e+000  2.0000000e+000  1.0000000e+001  9.5000000e+000 -2.9000000e+000  2.4538541e-001  2.9987016e+002
  2.0000000e+000  2.0000000e+000  1.0000000e+001  9.5000000e+000 -3.4000000e+000  2.4541287e-001  2.9679213e+002
  2.0000000e+000  2.0000000e+000  1.0000000e+001  9.5000000e+000 -3.9000000e+000  2.6891340e-001  3.0087033e+002
  2.0000000e+000  2.0000000e+000  1.0000000e+001  9.5000000e+000 -4.4000000e+000  2.5996874e-001  3.0424583e+002
  2.0000000e+000  2.0000000e+000  1.0000000e+001  9.5000000e+000 -4.9000000e+000  2.7514979e-001  2.9727762e+002
  2.0000000e+000  2.0000000e+000  1.0000000e+001  9.5000000e+000 -5.4000000e+000  2.4806822e-001  3.0021339e+002
  2.0000000e+000  2.0000000e+000  1.0000000e+001  9.5000000e+000 -5.9000000e+000  2.5039362e-001  3.0846803e+002
  2.0000000e+000  2.0000000e+000  1.0000000e+001  9.5000000e+000 -6.4000000e+000  2.6346142e-001  3.0917947e+002
  2.0000000e+000  2.0000000e+000  1.0000000e+001  9.5000000e+000 -6.9000000e+000  2.8608819e-001  3.0365691e+002
  2.0000000e+000  2.0000000e+000  1.0000000e+001  9.5000000e+000 -7.4000000e+000  2.7853720e-001  3.0283701e+002
  2.0000000e+000  2.0000000e+000  1.0000000e+001  9.5000000e+000 -7.9000000e+000  2.8480662e-001  3.0476781e+002
  2.0000000e+000  2.0000000e+000  1.0000000e+001  9.5000000e+000 -8.4000000e+000  2.6870102e-001  3.0411544e+002
  2.0000000e+000  2.0000000e+000  1.0000000e+001  9.5000000e+000 -8.9000000e+000  2.5922897e-001  3.1071970e+002
  2.0000000e+000  2.0000000e+000  1.0000000e+001  9.5000000e+000 -9.4000000e+000  2.5648689e-001  3.0236345e+002
  2.0000000e+000  2.0000000e+000  1.0000000e+001  9.5000000e+000 -9.9000000e+000  2.7371663e-001  3.0801400e+002
  2.0000000e+000  2.0000000e+000  1.0000000e+001  9.5000000e+000 -1.0400000e+001  2.7003108e-001  3.1345058e+002
  2.0000000e+000  2.0000000e+000  1.0000000e+001  9.5000000e+000 -1.0900000e+001  2.6999042e-001  3.1171880e+002
  2.0000000e+000  2.0000000e+000  1.0000000e+001  9.5000000e+000 -1.1400000e+001  2.5328633e-001  3.1252835e+002
  2.0000000e+000  2.0000000e+000  1.0000000e+001  9.5000000e+000 -1.1900000e+001  2.2016727e-001  3.1400691e+002
  2.0000000e+000  2.0000000e+000  1.0000000e+001  9.5000000e+000 -1.2400000e+001  1.7439786e-001  3.2680139e+002
  2.0000000e+000  2.0000000e+000  1.0000000e+001  9.5000000e+000 -1.2800000e+001  0.0000000e+000  3.2680139e+002
  2.0000000e+000  2.0000000e+000  1.1000000e+001  1.0000000e+001  0.0000000e+000  1.1000331e-001  2.9052545e+002
  2.0000000e+000  2.0000000e+000  1.1000000e+001  1.0000000e+001 -9.0000000e-001  1.0400331e-001  2.9052545e+002
  2.0000000e+000  2.0000000e+000  1.1000000e+001  1.0000000e+001 -1.4000000e+000  7.6559708e-002  2.9910012e+002
  2.0000000e+000  2.0000000e+000  1.1000000e+001  1.0000000e+001 -1.9000000e+000  7.7653107e-002  3.1821066e+002
  2.0000000e+000  2.0000000e+000  1.1000000e+001  1.0000000e+001 -2.4000000e+000  8.2018337e-002  3.1172234e+002
  2.0000000e+000  2.0000000e+000  1.1000000e+001  1.0000000e+001 -2.9000000e+000  1.0009668e-001  3.0133456e+002
  2.0000000e+000  2.0000000e+000  1.1000000e+001  1.0000000e+001 -3.4000000e+000  9.9284530e-002  2.9446458e+002
  2.0000000e+000  2.0000000e+000  1.1000000e+001  1.0000000e+001 -3.9000000e+000  1.1783142e-001  3.0273524e+002
  2.0000000e+000  2.0000000e+000  1.1000000e+001  1.0000000e+001 -4.4000000e+000  1.1991635e-001  2.9825426e+002
  2.0000000e+000  2.0000000e+000  1.1000000e+001  1.0000000e+001 -4.9000000e+000  1.5996269e-001  3.0193735e+002
  2.0000000e+000  2.0000000e+000  1.1000000e+001  1.0000000e+001 -5.4000000e+000  1.4192655e-001  3.0427243e+002
  2.0000000e+000  2.0000000e+000  1.1000000e+001  1.0000000e+001 -5.9000000e+000  1.8215523e-001  3.0559700e+002
  2.0000000e+000  2.0000000e+000  1.1000000e+001  1.0000000e+001 -6.4000000e+000  1.8572922e-001  2.9927590e+002
  2.0000000e+000  2.0000000e+000  1.1000000e+001  1.0000000e+001 -6.9000000e+000  1.7230813e-001  2.9963515e+002
  2.0000000e+000  2.0000000e+000  1.1000000e+001  1.0000000e+001 -7.4000000e+000  2.0505500e-001  2.9699192e+002
  2.0000000e+000  2.0000000e+000  1.1000000e+001  1.0000000e+001 -7.9000000e+000  1.9872569e-001  3.0253779e+002
  2.0000000e+000  2.0000000e+000  1.1000000e+001  1.0000000e+001 -8.4000000e+000  2.0719139e-001  3.0592497e+002
  2.0000000e+000  2.0000000e+000  1.1000000e+001  1.0000000e+001 -8.9000000e+000  2.0347742e-001  3.0830892e+002
  2.0000000e+000  2.0000000e+000  1.1000000e+001  1.0000000e+001 -9.4000000e+000  2.0261794e-001  3.1136517e+002
  2.0000000e+000  2.0000000e+000  1.1000000e+001  1.0000000e+001 -9.9000000e+000  2.0036996e-001  3.1110182e+002
  2.0000000e+000  2.0000000e+000  1.1000000e+001  1.0000000e+001 -1.0400000e+001  2.2068295e-001  3.1632184e+002
  2.0000000e+000  2.0000000e+000  1.1000000e+001  1.0000000e+001 -1.0900000e+001  1.9902708e-001  3.1402906e+002
  2.0000000e+000  2.0000000e+000  1.1000000e+001  1.0000000e+001 -1.1400000e+001  1.8673745e-001  3.1264336e+002
  2.0000000e+000  2.0000000e+000  1.1000000e+001  1.0000000e+001 -1.1900000e+001  1.5700539e-001  3.1487196e+002
  2.0000000e+000  2.0000000e+000  1.1000000e+001  1.0000000e+001 -1.2400000e+001  1.3839796e-001  3.3269842e+002
  2.0000000e+000  2.0000000e+000  1.1000000e+001  1.0000000e+001 -1.2860000e+001  0.0000000e+000  3.3269842e+002
  2.0000000e+000  2.0000000e+000  1.2000000e+001  1.0500000e+001  0.0000000e+000  5.0000000e-002  7.3119411e-001
  2.0000000e+000  2.0000000e+000  1.2000000e+001  1.0500000e+001 -9.0000000e-001  5.1039249e-002  7.3119411e-001
  2.0000000e+000  2.0000000e+000  1.2000000e+001  1.0500000e+001 -1.4000000e+000  6.3412550e-002  3.5296709e+002
  2.0000000e+000  2.0000000e+000  1.2000000e+001  1.0500000e+001 -1.9000000e+000  5.0175397e-002  3.4254859e+002
  2.0000000e+000  2.0000000e+000  1.2000000e+001  1.0500000e+001 -2.4000000e+000  4.3097719e-002  3.2984732e+002
  2.0000000e+000  2.0000000e+000  1.2000000e+001  1.0500000e+001 -2.9000000e+000  8.2980292e-002  3.3968186e+002
  2.0000000e+000  2.0000000e+000  1.2000000e+001  1.0500000e+001 -3.4000000e+000  5.5988105e-002  3.5338185e+002
  2.0000000e+000  2.0000000e+000  1.2000000e+001  1.0500000e+001 -3.9000000e+000  7.5131583e-002  3.2935132e+002
  2.0000000e+000  2.0000000e+000  1.2000000e+001  1.0500000e+001 -4.4000000e+000  7.2399691e-002  3.2782780e+002
  2.0000000e+000  2.0000000e+000  1.2000000e+001  1.0500000e+001 -4.9000000e+000  7.9950457e-002  3.1471187e+002
  2.0000000e+000  2.0000000e+000  1.2000000e+001  1.0500000e+001 -5.4000000e+000  7.4553192e-002  3.1467091e+002
  2.0000000e+000  2.0000000e+000  1.2000000e+001  1.0500000e+001 -5.9000000e+000  9.8257747e-002  3.3168596e+002
  2.0000000e+000  2.0000000e+000  1.2000000e+001  1.0500000e+001 -6.4000000e+000  1.1074460e-001  3.1759860e+002
  2.0000000e+000  2.0000000e+000  1.2000000e+001  1.0500000e+001 -6.9000000e+000  1.0660099e-001  3.0464147e+002
  2.0000000e+000  2.0000000e+000  1.2000000e+001  1.0500000e+001 -7.4000000e+000  1.0973992e-001  3.2186469e+002
  2.0000000e+000  2.0000000e+000  1.2000000e+001  1.0500000e+001 -7.9000000e+000  8.8485083e-002  3.0352423e+002
  2.0000000e+000  2.0000000e+000  1.2000000e+001  1.0500000e+001 -8.4000000e+000  9.2214482e-002  3.1094717e+002
  2.0000000e+000  2.0000000e+000  1.2000000e+001  1.0500000e+001 -8.9000000e+000  1.0052703e-001  3.0283065e+002
  2.0000000e+000  2.0000000e+000  1.2000000e+001  1.0500000e+001 -9.4000000e+000  1.2210384e-001  3.0803715e+002
  2.0000000e+000  2.0000000e+000  1.2000000e+001  1.0500000e+001 -9.9000000e+000  1.4298595e-001  3.0482113e+002
  2.0000000e+000  2.0000000e+000  1.2000000e+001  1.0500000e+001 -1.0400000e+001  1.2533040e-001  3.0263123e+002
  2.0000000e+000  2.0000000e+000  1.2000000e+001  1.0500000e+001 -1.0900000e+001  1.3326379e-001  3.0529628e+002
  2.0000000e+000  2.0000000e+000  1.2000000e+001  1.0500000e+001 -1.1400000e+001  1.3619177e-001  3.0898575e+002
  2.0000000e+000  2.0000000e+000  1.2000000e+001  1.0500000e+001 -1.1900000e+001  1.1314582e-001  3.0044426e+002
  2.0000000e+000  2.0000000e+000  1.2000000e+001  1.0500000e+001 -1.2400000e+001  1.2497283e-001  2.9288597e+002
  2.0000000e+000  2.0000000e+000  1.2000000e+001  1.0500000e+001 -1.2880000e+001  0.0000000e+000  2.9288597e+002
  2.0000000e+000  2.0000000e+000  1.3000000e+001  1.1000000e+001  0.0000000e+000  8.8807906e-002  7.3422882e+001
  2.0000000e+000  2.0000000e+000  1.3000000e+001  1.1000000e+001 -9.0000000e-001  8.7607906e-002  7.3422882e+001
  2.0000000e+000  2.0000000e+000  1.3000000e+001  1.1000000e+001 -1.4000000e+000  8.7105970e-002  6.6945844e+001
  2.0000000e+000  2.0000000e+000  1.3000000e+001  1.1000000e+001 -1.9000000e+000  7.1557311e-002  5.4355924e+001
  2.0000000e+000  2.0000000e+000  1.3000000e+001  1.1000000e+001 -2.4000000e+000  9.6867426e-002  6.6008227e+001
  2.0000000e+000  2.0000000e+000  1.3000000e+001  1.1000000e+001 -2.9000000e+000  6.6022348e-002  6.3428581e+001
  2.0000000e+000  2.0000000e+000  1.3000000e+001  1.1000000e+001 -3.4000000e+000  7.0228261e-002  7.9179089e+001
  2.0000000e+000  2.0000000e+000  1.3000000e+001  1.1000000e+001 -3.9000000e+000  5.6961778e-002  7.6321564e+001
  2.0000000e+000  2.0000000e+000  1.3000000e+001  1.1000000e+001 -4.4000000e+000  5.0142793e-002  1.1093971e+002
  2.0000000e+000  2.0000000e+000  1.3000000e+001  1.1000000e+001 -4.9000000e+000  4.4500565e-002  1.0010112e+002
  2.0000000e+000  2.0000000e+000  1.3000000e+001  1.1000000e+001 -5.4000000e+000  6.3812891e-002  1.1638992e+002
  2.0000000e+000  2.0000000e+000  1.3000000e+001  1.1000000e+001 -5.9000000e+000  5.7256566e-002  1.1636907e+002
  2.0000000e+000  2.0000000e+000  1.3000000e+001  1.1000000e+001 -6.4000000e+000  6.8266177e-002  1.2721038e+002
  2.0000000e+000  2.0000000e+000  1.3000000e+001  1.1000000e+001 -6.9000000e+000  4.0454678e-002  1.2931596e+002
  2.0000000e+000  2.0000000e+000  1.3000000e+001  1.1000000e+001 -7.4000000e+000  2.1043923e-002  1.4605495e+002
  2.0000000e+000  2.0000000e+000  1.3000000e+001  1.1000000e+001 -7.9000000e+000  3.0498370e-002  1.4225139e+002
  2.0000000e+000  2.0000000e+000  1.3000000e+001  1.1000000e+001 -8.4000000e+000  4.3014522e-002  1.6354997e+002
  2.0000000e+000  2.0000000e+000  1.3000000e+001  1.1000000e+001 -8.9000000e+000  2.3234421e-002  2.3258129e+002
  2.0000000e+000  2.0000000e+000  1.3000000e+001  1.1000000e+001 -9.4000000e+000  2.7940780e-002  6.2935487e+001
  2.0000000e+000  2.0000000e+000  1.3000000e+001  1.1000000e+001 -9.9000000e+000  1.3088263e-002  1.4314907e+002
  2.0000000e+000  2.0000000e+000  1.3000000e+001  1.1000000e+001 -1.0400000e+001  5.5386303e-003  7.8110704e+000
  2.0000000e+000  2.0000000e+000  1.3000000e+001  1.1000000e+001 -1.0900000e+001  3.3016404e-002  1.4019463e+002
  2.0000000e+000  2.0000000e+000  1.3000000e+001  1.1000000e+001 -1.1400000e+001  8.1154615e-003  2.8829953e+002
  2.0000000e+000  2.0000000e+000  1.3000000e+001  1.1000000e+001 -1.1900000e+001  2.9318892e-003  2.0333808e+001
  2.0000000e+000  2.0000000e+000  1.3000000e+001  1.1000000e+001 -1.2400000e+001  7.9498896e-003  1.4756138e+002
  2.0000000e+000  2.0000000e+000  1.3000000e+001  1.1000000e+001 -1.2860000e+001  0.0000000e+000  1.4756138e+002
  2.0000000e+000  2.0000000e+000  1.4000000e+001  1.1500000e+001  0.0000000e+000  6.5000000e-002  1.6584981e+002
  2.0000000e+000  2.0000000e+000  1.4000000e+001  1.1500000e+001 -9.0000000e-001  6.7344200e-002  1.6584981e+002
  2.0000000e+000  2.0000000e+000  1.4000000e+001  1.1500000e+001 -1.4000000e+000  9.2335790e-002  1.3649250e+002
  2.0000000e+000  2.0000000e+000  1.4000000e+001  1.1500000e+001 -1.9000000e+000  7.8715200e-002  1.2529750e+002
  2.0000000e+000  2.0000000e+000  1.4000000e+001  1.1500000e+001 -2.4000000e+000  1.0608863e-001  1.1100796e+002
  2.0000000e+000  2.0000000e+000  1.4000000e+001  1.1500000e+001 -2.9000000e+000  1.1813761e-001  1.1112987e+002
  2.0000000e+000  2.0000000e+000  1.4000000e+001  1.1500000e+001 -3.4000000e+000  1.0221649e-001  1.2529046e+002
  2.0000000e+000  2.0000000e+000  1.4000000e+001  1.1500000e+001 -3.9000000e+000  1.0535097e-001  1.1863169e+002
  2.0000000e+000  2.0000000e+000  1.4000000e+001  1.1500000e+001 -4.4000000e+000  9.2834820e-002  1.1551155e+002
  2.0000000e+000  2.0000000e+000  1.4000000e+001  1.1500000e+001 -4.9000000e+000  9.6775584e-002  1.2487166e+002
  2.0000000e+000  2.0000000e+000  1.4000000e+001  1.1500000e+001 -5.4000000e+000  1.1130651e-001  1.1860953e+002
  2.0000000e+000  2.0000000e+000  1.4000000e+001  1.1500000e+001 -5.9000000e+000  1.1430332e-001  1.1743450e+002
  2.0000000e+000  2.0000000e+000  1.4000000e+001  1.1500000e+001 -6.4000000e+000  1.1667254e-001  1.3858407e+002
  2.0000000e+000  2.0000000e+000  1.4000000e+001  1.1500000e+001 -6.9000000e+000  1.2438155e-001  1.2416459e+002
  2.0000000e+000  2.0000000e+000  1.4000000e+001  1.1500000e+001 -7.4000000e+000  1.4512478e-001  1.3030888e+002
  2.0000000e+000  2.0000000e+000  1.4000000e+001  1.1500000e+001 -7.9000000e+000  1.2978914e-001  1.2128624e+002
  2.0000000e+000  2.0000000e+000  1.4000000e+001  1.1500000e+001 -8.4000000e+000  1.3736778e-001  1.3983888e+002
  2.0000000e+000  2.0000000e+000  1.4000000e+001  1.1500000e+001 -8.9000000e+000  1.3189859e-001  1.2794320e+002
  2.0000000e+000  2.0000000e+000  1.4000000e+001  1.1500000e+001 -9.4000000e+000  1.0770395e-001  1.3686838e+002
  2.0000000e+000  2.0000000e+000  1.4000000e+001  1.1500000e+001 -9.9000000e+000  1.1407520e-001  1.4812173e+002
  2.0000000e+000  2.0000000e+000  1.4000000e+001  1.1500000e+001 -1.0400000e+001  1.0908363e-001  1.5031593e+002
  2.0000000e+000  2.0000000e+000  1.4000000e+001  1.1500000e+001 -1.0900000e+001  1.1386792e-001  1.4800319e+002
  2.0000000e+000  2.0000000e+000  1.4000000e+001  1.1500000e+001 -1.1400000e+001  1.2296936e-001  1.5310065e+002
  2.0000000e+000  2.0000000e+000  1.4000000e+001  1.1500000e+001 -1.1900000e+001  9.7161954e-002  1.6472392e+002
  2.0000000e+000  2.0000000e+000  1.4000000e+001  1.1500000e+001 -1.2400000e+001  8.5815879e-002  1.5085060e+002
  2.0000000e+000  2.0000000e+000  1.4000000e+001  1.1500000e+001 -1.2840000e+001  0.0000000e+000  1.5085060e+002
  2.0000000e+000  2.0000000e+000  1.5000000e+001  1.2000000e+001  0.0000000e+000  1.0500000e-001  1.4454178e+002
  2.0000000e+000  2.0000000e+000  1.5000000e+001  1.2000000e+001 -9.0000000e-001  1.0948919e-001  1.4454178e+002
  2.0000000e+000  2.0000000e+000  1.5000000e+001  1.2000000e+001 -1.4000000e+000  1.1585113e-001  1.3130171e+002
  2.0000000e+000  2.0000000e+000  1.5000000e+001  1.2000000e+001 -1.9000000e+000  1.3026296e-001  1.3449713e+002
  2.0000000e+000  2.0000000e+000  1.5000000e+001  1.2000000e+001 -2.4000000e+000  9.1844866e-002  1.2300760e+002
  2.0000000e+000  2.0000000e+000  1.5000000e+001  1.2000000e+001 -2.9000000e+000  1.3428152e-001  1.2265855e+002
  2.0000000e+000  2.0000000e+000  1.5000000e+001  1.2000000e+001 -3.4000000e+000  1.1659625e-001  1.2380475e+002
  2.0000000e+000  2.0000000e+000  1.5000000e+001  1.2000000e+001 -3.9000000e+000  1.2647931e-001  1.1772016e+002
  2.0000000e+000  2.0000000e+000  1.5000000e+001  1.2000000e+001 -4.4000000e+000  1.0227404e-001  1.1719757e+002
  2.0000000e+000  2.0000000e+000  1.5000000e+001  1.2000000e+001 -4.9000000e+000  1.3329889e-001  1.2014121e+002
  2.0000000e+000  2.0000000e+000  1.5000000e+001  1.2000000e+001 -5.4000000e+000  1.2251853e-001  1.1544203e+002
  2.0000000e+000  2.0000000e+000  1.5000000e+001  1.2000000e+001 -5.9000000e+000  1.2067934e-001  1.1755820e+002
  2.0000000e+000  2.0000000e+000  1.5000000e+001  1.2000000e+001 -6.4000000e+000  1.4864449e-001  1.1918625e+002
  2.0000000e+000  2.0000000e+000  1.5000000e+001  1.2000000e+001 -6.9000000e+000  1.2556632e-001  1.1694510e+002
  2.0000000e+000  2.0000000e+000  1.5000000e+001  1.2000000e+001 -7.4000000e+000  1.4704432e-001  1.2516331e+002
  2.0000000e+000  2.0000000e+000  1.5000000e+001  1.2000000e+001 -7.9000000e+000  1.1876815e-001  1.3111321e+002
  2.0000000e+000  2.0000000e+000  1.5000000e+001  1.2000000e+001 -8.4000000e+000  1.4023366e-001  1.2914894e+002
  2.0000000e+000  2.0000000e+000  1.5000000e+001  1.2000000e+001 -8.9000000e+000  1.4592994e-001  1.3689017e+002
  2.0000000e+000  2.0000000e+000  1.5000000e+001  1.2000000e+001 -9.4000000e+000  1.3326521e-001  1.3870101e+002
  2.0000000e+000  2.0000000e+000  1.5000000e+001  1.2000000e+001 -9.9000000e+000  1.3042371e-001  1.2972331e+002
  2.0000000e+000  2.0000000e+000  1.5000000e+001  1.2000000e+001 -1.0400000e+001  1.1682543e-001  1.4517257e+002
  2.0000000e+000  2.0000000e+000  1.5000000e+001  1.2000000e+001 -1.0900000e+001  1.3030932e-001  1.4292061e+002
  2.0000000e+000  2.0000000e+000  1.5000000e+001  1.2000000e+001 -1.1400000e+001  7.3697292e-002  1.2509126e+002
  2.0000000e+000  2.0000000e+000  1.5000000e+001  1.2000000e+001 -1.1900000e+001  6.4003450e-002  1.4643568e+002
  2.0000000e+000  2.0000000e+000  1.5000000e+001  1.2000000e+001 -1.2400000e+001  5.5711715e-002  1.4933031e+002
  2.0000000e+000  2.0000000e+000  1.5000000e+001  1.2000000e+001 -1.2800000e+001  0.0000000e+000  1.4933031e+002
  2.0000000e+000  2.0000000e+000  1.6000000e+001  1.2500000e+001  0.0000000e+000  2.8500000e-001  1.3207951e+002
  2.0000000e+000  2.0000000e+000  1.6000000e+001  1.2500000e+001 -9.0000000e-001  2.3268468e-001  1.3207951e+002
  2.0000000e+000  2.0000000e+000  1.6000000e+001  1.2500000e+001 -1.4000000e+000  2.0956673e-001  1.2978260e+002
  2.0000000e+000  2.0000000e+000  1.6000000e+001  1.2500000e+001 -1.9000000e+000  1.9766711e-001  1.2635294e+002
  2.0000000e+000  2.0000000e+000  1.6000000e+001  1.2500000e+001 -2.4000000e+000  2.0776403e-001  1.1708101e+002
  2.0000000e+000  2.0000000e+000  1.6000000e+001  1.2500000e+001 -2.9000000e+000  1.8314394e-001  1.1125772e+002
  2.0000000e+000  2.0000000e+000  1.6000000e+001  1.2500000e+001 -3.4000000e+000  2.3237216e-001  1.1283195e+002
  2.0000000e+000  2.0000000e+000  1.6000000e+001  1.2500000e+001 -3.9000000e+000  2.4337200e-001  1.1458014e+002
  2.0000000e+000  2.0000000e+000  1.6000000e+001  1.2500000e+001 -4.4000000e+000  2.0074619e-001  1.2016203e+002
  2.0000000e+000  2.0000000e+000  1.6000000e+001  1.2500000e+001 -4.9000000e+000  2.0501898e-001  1.2518305e+002
  2.0000000e+000  2.0000000e+000  1.6000000e+001  1.2500000e+001 -5.4000000e+000  1.9767141e-001  1.2052062e+002
  2.0000000e+000  2.0000000e+000  1.6000000e+001  1.2500000e+001 -5.9000000e+000  1.9256849e-001  1.1968544e+002
  2.0000000e+000  2.0000000e+000  1.6000000e+001  1.2500000e+001 -6.4000000e+000  1.8553912e-001  1.2643025e+002
  2.0000000e+000  2.0000000e+000  1.6000000e+001  1.2500000e+001 -6.9000000e+000  1.9794414e-001  1.1962563e+002
  2.0000000e+000  2.0000000e+000  1.6000000e+001  1.2500000e+001 -7.4000000e+000  1.7332001e-001  1.1877575e+002
  2.0000000e+000  2.0000000e+000  1.6000000e+001  1.2500000e+001 -7.9000000e+000  1.6892846e-001  1.2568222e+002
  2.0000000e+000  2.0000000e+000  1.6000000e+001  1.2500000e+001 -8.4000000e+000  1.5828230e-001  1.2089930e+002
  2.0000000e+000  2.0000000e+000  1.6000000e+001  1.2500000e+001 -8.9000000e+000  1.5558293e-001  1.2914356e+002
  2.0000000e+000  2.0000000e+000  1.6000000e+001  1.2500000e+001 -9.4000000e+000  1.3020530e-001  1.1624541e+002
  2.0000000e+000  2.0000000e+000  1.6000000e+001  1.2500000e+001 -9.9000000e+000  1.0249067e-001  1.2650233e+002
  2.0000000e+000  2.0000000e+000  1.6000000e+001  1.2500000e+001 -1.0400000e+001  1.0814413e-001  1.1704855e+002
  2.0000000e+000  2.0000000e+000  1.6000000e+001  1.2500000e+001 -1.0900000e+001  8.9449791e-002  1.1648024e+002
  2.0000000e+000  2.0000000e+000  1.6000000e+001  1.2500000e+001 -1.1400000e+001  1.1743480e-001  1.1705642e+002
  2.0000000e+000  2.0000000e+000  1.6000000e+001  1.2500000e+001 -1.1900000e+001  1.0197795e-001  1.2720898e+002
  2.0000000e+000  2.0000000e+000  1.6000000e+001  1.2500000e+001 -1.2400000e+001  1.8245031e-002  1.3266826e+002
  2.0000000e+000  2.0000000e+000  1.6000000e+001  1.2500000e+001 -1.2720000e+001  0.0000000e+000  1.3266826e+002
  2.0000000e+000  2.0000000e+000  1.7000000e+001  1.3000000e+001  0.0000000e+000  2.6008916e-001  1.2901402e+002
  2.0000000e+000  2.0000000e+000  1.7000000e+001  1.3000000e+001 -9.0000000e-001  2.9008916e-001  1.2901402e+002
  2.0000000e+000  2.0000000e+000  1.7000000e+001  1.3000000e+001 -1.4000000e+000  3.3143918e-001  1.3200600e+002
  2.0000000e+000  2.0000000e+000  1.7000000e+001  1.3000000e+001 -1.9000000e+000  3.7836990e-001  1.2776043e+002
  2.0000000e+000  2.0000000e+000  1.7000000e+001  1.3000000e+001 -2.4000000e+000  3.9965499e-001  1.2754027e+002
  2.0000000e+000  2.0000000e+000  1.7000000e+001  1.3000000e+001 -2.9000000e+000  3.8208607e-001  1.2249879e+002
  2.0000000e+000  2.0000000e+000  1.7000000e+001  1.3000000e+001 -3.4000000e+000  3.5894468e-001  1.2555115e+002
  2.0000000e+000  2.0000000e+000  1.7000000e+001  1.3000000e+001 -3.9000000e+000  3.4343907e-001  1.2491669e+002
  2.0000000e+000  2.0000000e+000  1.7000000e+001  1.3000000e+001 -4.4000000e+000  3.2585119e-001  1.2173637e+002
  2.0000000e+000  2.0000000e+000  1.7000000e+001  1.3000000e+001 -4.9000000e+000  3.1054111e-001  1.2192721e+002
  2.0000000e+000  2.0000000e+000  1.7000000e+001  1.3000000e+001 -5.4000000e+000  2.9118938e-001  1.2091033e+002
  2.0000000e+000  2.0000000e+000  1.7000000e+001  1.3000000e+001 -5.9000000e+000  2.7139537e-001  1.2154089e+002
  2.0000000e+000  2.0000000e+000  1.7000000e+001  1.3000000e+001 -6.4000000e+000  2.6708305e-001  1.2509044e+002
  2.0000000e+000  2.0000000e+000  1.7000000e+001  1.3000000e+001 -6.9000000e+000  2.8187248e-001  1.2575304e+002
  2.0000000e+000  2.0000000e+000  1.7000000e+001  1.3000000e+001 -7.4000000e+000  2.5269992e-001  1.2294205e+002
  2.0000000e+000  2.0000000e+000  1.7000000e+001  1.3000000e+001 -7.9000000e+000  2.2524543e-001  1.1990582e+002
  2.0000000e+000  2.0000000e+000  1.7000000e+001  1.3000000e+001 -8.4000000e+000  2.3882791e-001  1.1947569e+002
  2.0000000e+000  2.0000000e+000  1.7000000e+001  1.3000000e+001 -8.9000000e+000  2.2921121e-001  1.2640972e+002
  2.0000000e+000  2.0000000e+000  1.7000000e+001  1.3000000e+001 -9.4000000e+000  2.3133501e-001  1.2475292e+002
  2.0000000e+000  2.0000000e+000  1.7000000e+001  1.3000000e+001 -9.9000000e+000  2.1141769e-001  1.2162818e+002
  2.0000000e+000  2.0000000e+000  1.7000000e+001  1.3000000e+001 -1.0400000e+001  1.8252957e-001  1.1789584e+002
  2.0000000e+000  2.0000000e+000  1.7000000e+001  1.3000000e+001 -1.0900000e+001  1.4219496e-001  1.3132604e+002
  2.0000000e+000  2.0000000e+000  1.7000000e+001  1.3000000e+001 -1.1400000e+001  1.3596071e-001  1.1616399e+002
  2.0000000e+000  2.0000000e+000  1.7000000e+001  1.3000000e+001 -1.1900000e+001  1.0236607e-001  1.2057289e+002
  2.0000000e+000  2.0000000e+000  1.7000000e+001  1.3000000e+001 -1.2400000e+001  7.7930907e-002  1.1705758e+002
  2.0000000e+000  2.0000000e+000  1.7000000e+001  1.3000000e+001 -1.2590000e+001  0.0000000e+000  1.1705758e+002
  2.0000000e+000  2.0000000e+000  1.8000000e+001  1.3500000e+001  0.0000000e+000  4.6000000e-001  1.2625912e+002
  2.0000000e+000  2.0000000e+000  1.8000000e+001  1.3500000e+001 -9.0000000e-001  4.6485274e-001  1.2625912e+002
  2.0000000e+000  2.0000000e+000  1.8000000e+001  1.3500000e+001 -1.4000000e+000  4.7652827e-001  1.2653924e+002
  2.0000000e+000  2.0000000e+000  1.8000000e+001  1.3500000e+001 -1.9000000e+000  4.8542803e-001  1.2713963e+002
  2.0000000e+000  2.0000000e+000  1.8000000e+001  1.3500000e+001 -2.4000000e+000  5.0327244e-001  1.2751117e+002
  2.0000000e+000  2.0000000e+000  1.8000000e+001  1.3500000e+001 -2.9000000e+000  5.0375653e-001  1.2509766e+002
  2.0000000e+000  2.0000000e+000  1.8000000e+001  1.3500000e+001 -3.4000000e+000  4.8861677e-001  1.2067432e+002
  2.0000000e+000  2.0000000e+000  1.8000000e+001  1.3500000e+001 -3.9000000e+000  4.9896991e-001  1.2386307e+002
  2.0000000e+000  2.0000000e+000  1.8000000e+001  1.3500000e+001 -4.4000000e+000  4.8669900e-001  1.2080362e+002
  2.0000000e+000  2.0000000e+000  1.8000000e+001  1.3500000e+001 -4.9000000e+000  4.7551159e-001  1.2375891e+002
  2.0000000e+000  2.0000000e+000  1.8000000e+001  1.3500000e+001 -5.4000000e+000  4.5658122e-001  1.2376779e+002
  2.0000000e+000  2.0000000e+000  1.8000000e+001  1.3500000e+001 -5.9000000e+000  4.1734513e-001  1.2197418e+002
  2.0000000e+000  2.0000000e+000  1.8000000e+001  1.3500000e+001 -6.4000000e+000  3.9073856e-001  1.2278814e+002
  2.0000000e+000  2.0000000e+000  1.8000000e+001  1.3500000e+001 -6.9000000e+000  3.7032047e-001  1.2181093e+002
  2.0000000e+000  2.0000000e+000  1.8000000e+001  1.3500000e+001 -7.4000000e+000  3.6066519e-001  1.2400666e+002
  2.0000000e+000  2.0000000e+000  1.8000000e+001  1.3500000e+001 -7.9000000e+000  3.5691572e-001  1.1878806e+002
  2.0000000e+000  2.0000000e+000  1.8000000e+001  1.3500000e+001 -8.4000000e+000  3.2450227e-001  1.1978627e+002
  2.0000000e+000  2.0000000e+000  1.8000000e+001  1.3500000e+001 -8.9000000e+000  2.6351498e-001  1.2070764e+002
  2.0000000e+000  2.0000000e+000  1.8000000e+001  1.3500000e+001 -9.4000000e+000  2.6729573e-001  1.1809356e+002
  2.0000000e+000  2.0000000e+000  1.8000000e+001  1.3500000e+001 -9.9000000e+000  2.4012796e-001  1.1628425e+002
  2.0000000e+000  2.0000000e+000  1.8000000e+001  1.3500000e+001 -1.0400000e+001  2.2517602e-001  1.1613839e+002
  2.0000000e+000  2.0000000e+000  1.8000000e+001  1.3500000e+001 -1.0900000e+001  2.1501455e-001  1.1726381e+002
  2.0000000e+000  2.0000000e+000  1.8000000e+001  1.3500000e+001 -1.1400000e+001  1.9152557e-001  1.1539908e+002
  2.0000000e+000  2.0000000e+000  1.8000000e+001  1.3500000e+001 -1.2430000e+001  0.0000000e+000  1.1539908e+002
  2.0000000e+000  2.0000000e+000  1.9000000e+001  1.4000000e+001  0.0000000e+000  5.7000000e-001  1.2797936e+002
  2.0000000e+000  2.0000000e+000  1.9000000e+001  1.4000000e+001 -9.0000000e-001  5.7842966e-001  1.2797936e+002
  2.0000000e+000  2.0000000e+000  1.9000000e+001  1.4000000e+001 -1.4000000e+000  6.1123479e-001  1.2438140e+002
  2.0000000e+000  2.0000000e+000  1.9000000e+001  1.4000000e+001 -1.9000000e+000  6.1205332e-001  1.2472322e+002
  2.0000000e+000  2.0000000e+000  1.9000000e+001  1.4000000e+001 -2.4000000e+000  6.0035900e-001  1.2598486e+002
  2.0000000e+000  2.0000000e+000  1.9000000e+001  1.4000000e+001 -2.9000000e+000  5.9029471e-001  1.2866123e+002
  2.0000000e+000  2.0000000e+000  1.9000000e+001  1.4000000e+001 -3.4000000e+000  6.0000922e-001  1.2996560e+002
  2.0000000e+000  2.0000000e+000  1.9000000e+001  1.4000000e+001 -3.9000000e+000  5.7701276e-001  1.3165832e+002
  2.0000000e+000  2.0000000e+000  1.9000000e+001  1.4000000e+001 -4.4000000e+000  5.8409337e-001  1.3322132e+002
  2.0000000e+000  2.0000000e+000  1.9000000e+001  1.4000000e+001 -4.9000000e+000  5.6627825e-001  1.3386592e+002
  2.0000000e+000  2.0000000e+000  1.9000000e+001  1.4000000e+001 -5.4000000e+000  5.5474737e-001  1.3059843e+002
  2.0000000e+000  2.0000000e+000  1.9000000e+001  1.4000000e+001 -5.9000000e+000  5.3634932e-001  1.3028659e+002
  2.0000000e+000  2.0000000e+000  1.9000000e+001  1.4000000e+001 -6.4000000e+000  5.2810185e-001  1.2845565e+002
  2.0000000e+000  2.0000000e+000  1.9000000e+001  1.4000000e+001 -6.9000000e+000  5.0978547e-001  1.2844713e+002
  2.0000000e+000  2.0000000e+000  1.9000000e+001  1.4000000e+001 -7.4000000e+000  4.6697182e-001  1.2940500e+002
  2.0000000e+000  2.0000000e+000  1.9000000e+001  1.4000000e+001 -7.9000000e+000  4.0975578e-001  1.2999861e+002
  2.0000000e+000  2.0000000e+000  1.9000000e+001  1.4000000e+001 -8.4000000e+000  4.0804085e-001  1.2225211e+002
  2.0000000e+000  2.0000000e+000  1.9000000e+001  1.4000000e+001 -8.9000000e+000  3.4099952e-001  1.2826178e+002
  2.0000000e+000  2.0000000e+000  1.9000000e+001  1.4000000e+001 -9.4000000e+000  3.5589464e-001  1.2792228e+002
  2.0000000e+000  2.0000000e+000  1.9000000e+001  1.4000000e+001 -9.9000000e+000  3.2874706e-001  1.2662041e+002
  2.0000000e+000  2.0000000e+000  1.9000000e+001  1.4000000e+001 -1.0400000e+001  2.7833310e-001  1.2713668e+002
  2.0000000e+000  2.0000000e+000  1.9000000e+001  1.4000000e+001 -1.0900000e+001  2.7537867e-001  1.2719324e+002
  2.0000000e+000  2.0000000e+000  1.9000000e+001  1.4000000e+001 -1.1400000e+001  1.8573056e-001  1.3412654e+002
  2.0000000e+000  2.0000000e+000  1.9000000e+001  1.4000000e+001 -1.2250000e+001  0.0000000e+000  1.3412654e+002
  2.0000000e+000  2.0000000e+000  2.0000000e+001  1.4500000e+001  0.0000000e+000  6.1500244e-001  1.2345124e+002
  2.0000000e+000  2.0000000e+000  2.0000000e+001  1.4500000e+001 -9.0000000e-001  6.2475244e-001  1.2345124e+002
  2.0000000e+000  2.0000000e+000  2.0000000e+001  1.4500000e+001 -1.4000000e+000  6.3469375e-001  1.1981261e+002
  2.0000000e+000  2.0000000e+000  2.0000000e+001  1.4500000e+001 -1.9000000e+000  6.2802232e-001  1.1986318e+002
  2.0000000e+000  2.0000000e+000  2.0000000e+001  1.4500000e+001 -2.4000000e+000  6.4886055e-001  1.2533117e+002
  2.0000000e+000  2.0000000e+000  2.0000000e+001  1.4500000e+001 -2.9000000e+000  6.5438492e-001  1.2587681e+002
  2.0000000e+000  2.0000000e+000  2.0000000e+001  1.4500000e+001 -3.4000000e+000  5.9098490e-001  1.2455573e+002
  2.0000000e+000  2.0000000e+000  2.0000000e+001  1.4500000e+001 -3.9000000e+000  5.7702277e-001  1.2752831e+002
  2.0000000e+000  2.0000000e+000  2.0000000e+001  1.4500000e+001 -4.4000000e+000  5.3744818e-001  1.2952922e+002
  2.0000000e+000  2.0000000e+000  2.0000000e+001  1.4500000e+001 -4.9000000e+000  4.9082449e-001  1.3170906e+002
  2.0000000e+000  2.0000000e+000  2.0000000e+001  1.4500000e+001 -5.4000000e+000  5.0193478e-001  1.3163770e+002
  2.0000000e+000  2.0000000e+000  2.0000000e+001  1.4500000e+001 -5.9000000e+000  4.7897227e-001  1.2891106e+002
  2.0000000e+000  2.0000000e+000  2.0000000e+001  1.4500000e+001 -6.4000000e+000  4.7523295e-001  1.2764389e+002
  2.0000000e+000  2.0000000e+000  2.0000000e+001  1.4500000e+001 -6.9000000e+000  4.7919152e-001  1.2598042e+002
  2.0000000e+000  2.0000000e+000  2.0000000e+001  1.4500000e+001 -7.4000000e+000  4.5076589e-001  1.2174718e+002
  2.0000000e+000  2.0000000e+000  2.0000000e+001  1.4500000e+001 -7.9000000e+000  4.1555431e-001  1.2348152e+002
  2.0000000e+000  2.0000000e+000  2.0000000e+001  1.4500000e+001 -8.4000000e+000  3.7554805e-001  1.1958204e+002
  2.0000000e+000  2.0000000e+000  2.0000000e+001  1.4500000e+001 -8.9000000e+000  3.1332929e-001  1.2678313e+002
  2.0000000e+000  2.0000000e+000  2.0000000e+001  1.4500000e+001 -9.4000000e+000  3.1805114e-001  1.3087138e+002
  2.0000000e+000  2.0000000e+000  2.0000000e+001  1.4500000e+001 -9.9000000e+000  2.5813752e-001  1.2811970e+002
  2.0000000e+000  2.0000000e+000  2.0000000e+001  1.4500000e+001 -1.0400000e+001  2.4657740e-001  1.2664215e+002
  2.0000000e+000  2.0000000e+000  2.0000000e+001  1.4500000e+001 -1.0900000e+001  2.1424259e-001  1.2751785e+002
  2.0000000e+000  2.0000000e+000  2.0000000e+001  1.4500000e+001 -1.1400000e+001  1.5445587e-001  1.5216613e+002
  2.0000000e+000  2.0000000e+000  2.0000000e+001  1.4500000e+001 -1.2080000e+001  0.0000000e+000  1.5216613e+002
  2.0000000e+000  2.0000000e+000  2.1000000e+001  1.5000000e+001  0.0000000e+000  5.7500000e-001  1.2482520e+002
  2.0000000e+000  2.0000000e+000  2.1000000e+001  1.5000000e+001 -9.0000000e-001  5.5976608e-001  1.2482520e+002
  2.0000000e+000  2.0000000e+000  2.1000000e+001  1.5000000e+001 -1.4000000e+000  5.4325352e-001  1.2175426e+002
  2.0000000e+000  2.0000000e+000  2.1000000e+001  1.5000000e+001 -1.9000000e+000  5.6251639e-001  1.2554521e+002
  2.0000000e+000  2.0000000e+000  2.1000000e+001  1.5000000e+001 -2.4000000e+000  5.4454086e-001  1.2847034e+002
  2.0000000e+000  2.0000000e+000  2.1000000e+001  1.5000000e+001 -2.9000000e+000  5.5653569e-001  1.2903443e+002
  2.0000000e+000  2.0000000e+000  2.1000000e+001  1.5000000e+001 -3.4000000e+000  5.0151285e-001  1.3089619e+002
  2.0000000e+000  2.0000000e+000  2.1000000e+001  1.5000000e+001 -3.9000000e+000  4.8399556e-001  1.3086417e+002
  2.0000000e+000  2.0000000e+000  2.1000000e+001  1.5000000e+001 -4.4000000e+000  4.5163909e-001  1.3243521e+002
  2.0000000e+000  2.0000000e+000  2.1000000e+001  1.5000000e+001 -4.9000000e+000  4.1910008e-001  1.3362274e+002
  2.0000000e+000  2.0000000e+000  2.1000000e+001  1.5000000e+001 -5.4000000e+000  4.1639764e-001  1.3450873e+002
  2.0000000e+000  2.0000000e+000  2.1000000e+001  1.5000000e+001 -5.9000000e+000  3.9515475e-001  1.3735208e+002
  2.0000000e+000  2.0000000e+000  2.1000000e+001  1.5000000e+001 -6.4000000e+000  3.9196013e-001  1.3045104e+002
  2.0000000e+000  2.0000000e+000  2.1000000e+001  1.5000000e+001 -6.9000000e+000  3.6409065e-001  1.3161733e+002
  2.0000000e+000  2.0000000e+000  2.1000000e+001  1.5000000e+001 -7.4000000e+000  3.3210412e-001  1.3137882e+002
  2.0000000e+000  2.0000000e+000  2.1000000e+001  1.5000000e+001 -7.9000000e+000  2.9584983e-001  1.3101445e+002
  2.0000000e+000  2.0000000e+000  2.1000000e+001  1.5000000e+001 -8.4000000e+000  2.5789800e-001  1.3065478e+002
  2.0000000e+000  2.0000000e+000  2.1000000e+001  1.5000000e+001 -8.9000000e+000  2.4560367e-001  1.2055716e+002
  2.0000000e+000  2.0000000e+000  2.1000000e+001  1.5000000e+001 -9.4000000e+000  2.1709032e-001  1.2912372e+002
  2.0000000e+000  2.0000000e+000  2.1000000e+001  1.5000000e+001 -9.9000000e+000  1.6418103e-001  1.2237485e+002
  2.0000000e+000  2.0000000e+000  2.1000000e+001  1.5000000e+001 -1.0400000e+001  1.5779881e-001  1.2386374e+002
  2.0000000e+000  2.0000000e+000  2.1000000e+001  1.5000000e+001 -1.0900000e+001  1.0844609e-001  1.2314871e+002
  2.0000000e+000  2.0000000e+000  2.1000000e+001  1.5000000e+001 -1.1400000e+001  3.5116037e-002  1.2903413e+002
  2.0000000e+000  2.0000000e+000  2.1000000e+001  1.5000000e+001 -1.1920000e+001  0.0000000e+000  1.2903413e+002
  2.0000000e+000  2.0000000e+000  2.2000000e+001  1.5500000e+001  0.0000000e+000  4.5500000e-001  1.2679344e+002
  2.0000000e+000  2.0000000e+000  2.2000000e+001  1.5500000e+001 -9.0000000e-001  4.4493831e-001  1.2679344e+002
  2.0000000e+000  2.0000000e+000  2.2000000e+001  1.5500000e+001 -1.4000000e+000  4.4408982e-001  1.3178592e+002
  2.0000000e+000  2.0000000e+000  2.2000000e+001  1.5500000e+001 -1.9000000e+000  4.2979217e-001  1.3173941e+002
  2.0000000e+000  2.0000000e+000  2.2000000e+001  1.5500000e+001 -2.4000000e+000  4.1507692e-001  1.3610278e+002
  2.0000000e+000  2.0000000e+000  2.2000000e+001  1.5500000e+001 -2.9000000e+000  4.0317407e-001  1.3806438e+002
  2.0000000e+000  2.0000000e+000  2.2000000e+001  1.5500000e+001 -3.4000000e+000  3.6004021e-001  1.3791797e+002
  2.0000000e+000  2.0000000e+000  2.2000000e+001  1.5500000e+001 -3.9000000e+000  3.2804691e-001  1.4320681e+002
  2.0000000e+000  2.0000000e+000  2.2000000e+001  1.5500000e+001 -4.4000000e+000  3.0795905e-001  1.4596880e+002
  2.0000000e+000  2.0000000e+000  2.2000000e+001  1.5500000e+001 -4.9000000e+000  2.8637770e-001  1.4758986e+002
  2.0000000e+000  2.0000000e+000  2.2000000e+001  1.5500000e+001 -5.4000000e+000  2.7483095e-001  1.4377966e+002
  2.0000000e+000  2.0000000e+000  2.2000000e+001  1.5500000e+001 -5.9000000e+000  2.7090209e-001  1.4619939e+002
  2.0000000e+000  2.0000000e+000  2.2000000e+001  1.5500000e+001 -6.4000000e+000  2.4155481e-001  1.3887668e+002
  2.0000000e+000  2.0000000e+000  2.2000000e+001  1.5500000e+001 -6.9000000e+000  2.2896723e-001  1.4058082e+002
  2.0000000e+000  2.0000000e+000  2.2000000e+001  1.5500000e+001 -7.4000000e+000  1.8390803e-001  1.4071473e+002
  2.0000000e+000  2.0000000e+000  2.2000000e+001  1.5500000e+001 -7.9000000e+000  1.6406581e-001  1.5252103e+002
  2.0000000e+000  2.0000000e+000  2.2000000e+001  1.5500000e+001 -8.4000000e+000  1.5685500e-001  1.6249591e+002
  2.0000000e+000  2.0000000e+000  2.2000000e+001  1.5500000e+001 -8.9000000e+000  1.2199961e-001  1.5918225e+002
  2.0000000e+000  2.0000000e+000  2.2000000e+001  1.5500000e+001 -9.4000000e+000  1.0690089e-001  1.7904259e+002
  2.0000000e+000  2.0000000e+000  2.2000000e+001  1.5500000e+001 -9.9000000e+000  9.0892737e-002  1.7419322e+002
  2.0000000e+000  2.0000000e+000  2.2000000e+001  1.5500000e+001 -1.0400000e+001  9.5817879e-002  1.8880723e+002
  2.0000000e+000  2.0000000e+000  2.2000000e+001  1.5500000e+001 -1.0900000e+001  6.9842569e-002  1.9030080e+002
  2.0000000e+000  2.0000000e+000  2.2000000e+001  1.5500000e+001 -1.1400000e+001  7.8086730e-002  2.1198833e+002
  2.0000000e+000  2.0000000e+000  2.2000000e+001  1.5500000e+001 -1.1820000e+001  0.0000000e+000  2.1198833e+002
  2.0000000e+000  2.0000000e+000  2.3000000e+001  1.6000000e+001  0.0000000e+000  2.3000000e-001  1.1746270e+002
  2.0000000e+000  2.0000000e+000  2.3000000e+001  1.6000000e+001 -9.0000000e-001  2.3465767e-001  1.1746270e+002
  2.0000000e+000  2.0000000e+000  2.3000000e+001  1.6000000e+001 -1.4000000e+000  2.4470641e-001  1.1639407e+002
  2.0000000e+000  2.0000000e+000  2.3000000e+001  1.6000000e+001 -1.9000000e+000  2.2607446e-001  1.2935791e+002
  2.0000000e+000  2.0000000e+000  2.3000000e+001  1.6000000e+001 -2.4000000e+000  2.2402284e-001  1.2414203e+002
  2.0000000e+000  2.0000000e+000  2.3000000e+001  1.6000000e+001 -2.9000000e+000  1.6671479e-001  1.2515806e+002
  2.0000000e+000  2.0000000e+000  2.3000000e+001  1.6000000e+001 -3.4000000e+000  1.5236419e-001  1.2562452e+002
  2.0000000e+000  2.0000000e+000  2.3000000e+001  1.6000000e+001 -3.9000000e+000  1.3267602e-001  1.2955156e+002
  2.0000000e+000  2.0000000e+000  2.3000000e+001  1.6000000e+001 -4.4000000e+000  1.1737344e-001  1.3311202e+002
  2.0000000e+000  2.0000000e+000  2.3000000e+001  1.6000000e+001 -4.9000000e+000  1.1395522e-001  1.5672875e+002
  2.0000000e+000  2.0000000e+000  2.3000000e+001  1.6000000e+001 -5.4000000e+000  9.8294831e-002  1.4510170e+002
  2.0000000e+000  2.0000000e+000  2.3000000e+001  1.6000000e+001 -5.9000000e+000  8.1604886e-002  1.3650689e+002
  2.0000000e+000  2.0000000e+000  2.3000000e+001  1.6000000e+001 -6.4000000e+000  5.7706043e-002  1.4099876e+002
  2.0000000e+000  2.0000000e+000  2.3000000e+001  1.6000000e+001 -6.9000000e+000  2.6550649e-002  9.0508400e+001
  2.0000000e+000  2.0000000e+000  2.3000000e+001  1.6000000e+001 -7.4000000e+000  1.5241984e-002  1.3592911e+001
  2.0000000e+000  2.0000000e+000  2.3000000e+001  1.6000000e+001 -7.9000000e+000  4.6045370e-002  3.1382330e+002
  2.0000000e+000  2.0000000e+000  2.3000000e+001  1.6000000e+001 -8.4000000e+000  8.7034113e-002  3.2487395e+002
  2.0000000e+000  2.0000000e+000  2.3000000e+001  1.6000000e+001 -8.9000000e+000  1.1814067e-001  3.1043053e+002
  2.0000000e+000  2.0000000e+000  2.3000000e+001  1.6000000e+001 -9.4000000e+000  1.4936445e-001  3.0793965e+002
  2.0000000e+000  2.0000000e+000  2.3000000e+001  1.6000000e+001 -9.9000000e+000  1.2350492e-001  3.0446100e+002
  2.0000000e+000  2.0000000e+000  2.3000000e+001  1.6000000e+001 -1.0400000e+001  1.4325299e-001  3.0709189e+002
  2.0000000e+000  2.0000000e+000  2.3000000e+001  1.6000000e+001 -1.0900000e+001  1.6371142e-001  3.0960415e+002
  2.0000000e+000  2.0000000e+000  2.3000000e+001  1.6000000e+001 -1.1400000e+001  1.6528723e-001  3.1104398e+002
  2.0000000e+000  2.0000000e+000  2.3000000e+001  1.6000000e+001 -1.1750000e+001  0.0000000e+000  3.1104398e+002
  2.0000000e+000  2.0000000e+000  2.4000000e+001  1.6500000e+001  0.0000000e+000  1.8677530e-001  1.0842462e+002
  2.0000000e+000  2.0000000e+000  2.4000000e+001  1.6500000e+001 -9.0000000e-001  1.8267753e-001  1.0842462e+002
  2.0000000e+000  2.0000000e+000  2.4000000e+001  1.6500000e+001 -1.4000000e+000  1.7975889e-001  1.0119177e+002
  2.0000000e+000  2.0000000e+000  2.4000000e+001  1.6500000e+001 -1.9000000e+000  1.5078369e-001  9.8659926e+001
  2.0000000e+000  2.0000000e+000  2.4000000e+001  1.6500000e+001 -2.4000000e+000  1.2152872e-001  1.0541007e+002
  2.0000000e+000  2.0000000e+000  2.4000000e+001  1.6500000e+001 -2.9000000e+000  1.1273604e-001  8.9964642e+001
  2.0000000e+000  2.0000000e+000  2.4000000e+001  1.6500000e+001 -3.4000000e+000  6.3885727e-002  8.2212011e+001
  2.0000000e+000  2.0000000e+000  2.4000000e+001  1.6500000e+001 -3.9000000e+000  4.6697668e-002  9.6008648e+001
  2.0000000e+000  2.0000000e+000  2.4000000e+001  1.6500000e+001 -4.4000000e+000  1.9040099e-002  2.9837504e+002
  2.0000000e+000  2.0000000e+000  2.4000000e+001  1.6500000e+001 -4.9000000e+000  5.1442869e-002  3.3763546e+002
  2.0000000e+000  2.0000000e+000  2.4000000e+001  1.6500000e+001 -5.4000000e+000  1.6071040e-002  2.3056557e+001
  2.0000000e+000  2.0000000e+000  2.4000000e+001  1.6500000e+001 -5.9000000e+000  4.0313191e-002  1.3312126e+001
  2.0000000e+000  2.0000000e+000  2.4000000e+001  1.6500000e+001 -6.4000000e+000  5.7079149e-002  7.4941363e+000
  2.0000000e+000  2.0000000e+000  2.4000000e+001  1.6500000e+001 -6.9000000e+000  6.3293669e-002  3.5042604e+002
  2.0000000e+000  2.0000000e+000  2.4000000e+001  1.6500000e+001 -7.4000000e+000  7.7949653e-002  3.2000472e+002
  2.0000000e+000  2.0000000e+000  2.4000000e+001  1.6500000e+001 -7.9000000e+000  1.0004147e-001  3.3280189e+002
  2.0000000e+000  2.0000000e+000  2.4000000e+001  1.6500000e+001 -8.4000000e+000  1.2216360e-001  3.2331389e+002
  2.0000000e+000  2.0000000e+000  2.4000000e+001  1.6500000e+001 -8.9000000e+000  1.3916189e-001  3.0937446e+002
  2.0000000e+000  2.0000000e+000  2.4000000e+001  1.6500000e+001 -9.4000000e+000  1.6451855e-001  3.0442837e+002
  2.0000000e+000  2.0000000e+000  2.4000000e+001  1.6500000e+001 -9.9000000e+000  1.7657304e-001  3.0816040e+002
  2.0000000e+000  2.0000000e+000  2.4000000e+001  1.6500000e+001 -1.0400000e+001  1.6865346e-001  2.9294188e+002
  2.0000000e+000  2.0000000e+000  2.4000000e+001  1.6500000e+001 -1.0900000e+001  1.5393176e-001  2.9627031e+002
  2.0000000e+000  2.0000000e+000  2.4000000e+001  1.6500000e+001 -1.1400000e+001  1.2486157e-001  3.1037199e+002
  2.0000000e+000  2.0000000e+000  2.4000000e+001  1.6500000e+001 -1.1720000e+001  0.0000000e+000  3.1037199e+002
  2.0000000e+000  2.0000000e+000  2.5000000e+001  1.7116667e+001  0.0000000e+000  2.0000000e-002  9.9928274e-001
  2.0000000e+000  2.0000000e+000  2.5000000e+001  1.7116667e+001 -9.0000000e-001  2.0566773e-002  9.9928274e-001
  2.0000000e+000  2.0000000e+000  2.5000000e+001  1.7116667e+001 -1.4000000e+000  4.9553987e-002  5.5199336e+001
  2.0000000e+000  2.0000000e+000  2.5000000e+001  1.7116667e+001 -1.9000000e+000  8.6355724e-002  6.3405215e+001
  2.0000000e+000  2.0000000e+000  2.5000000e+001  1.7116667e+001 -2.4000000e+000  9.1979877e-002  4.5609895e+001
  2.0000000e+000  2.0000000e+000  2.5000000e+001  1.7116667e+001 -2.9000000e+000  7.3136259e-002  6.4222670e+000
  2.0000000e+000  2.0000000e+000  2.5000000e+001  1.7116667e+001 -3.4000000e+000  7.2122421e-002  1.4494154e-001
  2.0000000e+000  2.0000000e+000  2.5000000e+001  1.7116667e+001 -3.9000000e+000  1.0018215e-001  3.3979562e+002
  2.0000000e+000  2.0000000e+000  2.5000000e+001  1.7116667e+001 -4.4000000e+000  1.1337275e-001  3.2324828e+002
  2.0000000e+000  2.0000000e+000  2.5000000e+001  1.7116667e+001 -4.9000000e+000  1.4897633e-001  3.3142860e+002
  2.0000000e+000  2.0000000e+000  2.5000000e+001  1.7116667e+001 -5.4000000e+000  1.4631471e-001  3.2167165e+002
  2.0000000e+000  2.0000000e+000  2.5000000e+001  1.7116667e+001 -5.9000000e+000  1.4784649e-001  3.3216380e+002
  2.0000000e+000  2.0000000e+000  2.5000000e+001  1.7116667e+001 -6.4000000e+000  1.7552991e-001  3.2988310e+002
  2.0000000e+000  2.0000000e+000  2.5000000e+001  1.7116667e+001 -6.9000000e+000  1.6987576e-001  3.3096330e+002
  2.0000000e+000  2.0000000e+000  2.5000000e+001  1.7116667e+001 -7.4000000e+000  1.5619033e-001  3.2560290e+002
  2.0000000e+000  2.0000000e+000  2.5000000e+001  1.7116667e+001 -7.9000000e+000  1.6973345e-001  3.2477743e+002
  2.0000000e+000  2.0000000e+000  2.5000000e+001  1.7116667e+001 -8.4000000e+000  1.8769349e-001  3.2386947e+002
  2.0000000e+000  2.0000000e+000  2.5000000e+001  1.7116667e+001 -8.9000000e+000  1.9644592e-001  3.2436355e+002
  2.0000000e+000  2.0000000e+000  2.5000000e+001  1.7116667e+001 -9.4000000e+000  2.1860319e-001  3.1947213e+002
  2.0000000e+000  2.0000000e+000  2.5000000e+001  1.7116667e+001 -9.9000000e+000  2.2253885e-001  3.1532080e+002
  2.0000000e+000  2.0000000e+000  2.5000000e+001  1.7116667e+001 -1.0400000e+001  2.2849638e-001  3.1280691e+002
  2.0000000e+000  2.0000000e+000  2.5000000e+001  1.7116667e+001 -1.0900000e+001  2.1646803e-001  3.1298889e+002
  2.0000000e+000  2.0000000e+000  2.5000000e+001  1.7116667e+001 -1.1400000e+001  1.7658537e-001  3.1332722e+002
  2.0000000e+000  2.0000000e+000  2.5000000e+001  1.7116667e+001 -1.1730000e+001  0.0000000e+000  3.1332722e+002
  2.0000000e+000  2.0000000e+000  2.6000000e+001  1.7500000e+001  0.0000000e+000  4.0000000e-002  2.9674541e+002
  2.0000000e+000  2.0000000e+000  2.6000000e+001  1.7500000e+001 -9.0000000e-001  4.1582098e-002  2.9674541e+002
  2.0000000e+000  2.0000000e+000  2.6000000e+001  1.7500000e+001 -1.4000000e+000  6.6860379e-002  3.4230882e+002
  2.0000000e+000  2.0000000e+000  2.6000000e+001  1.7500000e+001 -1.9000000e+000  5.7293523e-002  3.5472433e+002
  2.0000000e+000  2.0000000e+000  2.6000000e+001  1.7500000e+001 -2.4000000e+000  7.9437851e-002  3.5292378e+002
  2.0000000e+000  2.0000000e+000  2.6000000e+001  1.7500000e+001 -2.9000000e+000  8.2310517e-002  3.4603247e+002
  2.0000000e+000  2.0000000e+000  2.6000000e+001  1.7500000e+001 -3.4000000e+000  1.0510169e-001  3.3005490e+002
  2.0000000e+000  2.0000000e+000  2.6000000e+001  1.7500000e+001 -3.9000000e+000  1.2012572e-001  3.2588250e+002
  2.0000000e+000  2.0000000e+000  2.6000000e+001  1.7500000e+001 -4.4000000e+000  1.4693775e-001  3.1472546e+002
  2.0000000e+000  2.0000000e+000  2.6000000e+001  1.7500000e+001 -4.9000000e+000  1.5236522e-001  3.1881393e+002
  2.0000000e+000  2.0000000e+000  2.6000000e+001  1.7500000e+001 -5.4000000e+000  1.7087435e-001  3.1453922e+002
  2.0000000e+000  2.0000000e+000  2.6000000e+001  1.7500000e+001 -5.9000000e+000  1.9214716e-001  3.1973317e+002
  2.0000000e+000  2.0000000e+000  2.6000000e+001  1.7500000e+001 -6.4000000e+000  2.0542502e-001  3.1283329e+002
  2.0000000e+000  2.0000000e+000  2.6000000e+001  1.7500000e+001 -6.9000000e+000  2.0594732e-001  3.1141992e+002
  2.0000000e+000  2.0000000e+000  2.6000000e+001  1.7500000e+001 -7.4000000e+000  2.4461625e-001  3.0955686e+002
  2.0000000e+000  2.0000000e+000  2.6000000e+001  1.7500000e+001 -7.9000000e+000  2.5303734e-001  3.0938666e+002
  2.0000000e+000  2.0000000e+000  2.6000000e+001  1.7500000e+001 -8.4000000e+000  2.4183749e-001  2.9847877e+002
  2.0000000e+000  2.0000000e+000  2.6000000e+001  1.7500000e+001 -8.9000000e+000  2.5004729e-001  3.0295361e+002
  2.0000000e+000  2.0000000e+000  2.6000000e+001  1.7500000e+001 -9.4000000e+000  2.7082932e-001  3.0277284e+002
  2.0000000e+000  2.0000000e+000  2.6000000e+001  1.7500000e+001 -9.9000000e+000  2.5978258e-001  2.9962075e+002
  2.0000000e+000  2.0000000e+000  2.6000000e+001  1.7500000e+001 -1.0400000e+001  2.6595096e-001  2.9936600e+002
  2.0000000e+000  2.0000000e+000  2.6000000e+001  1.7500000e+001 -1.0900000e+001  2.0064326e-001  3.0627083e+002
  2.0000000e+000  2.0000000e+000  2.6000000e+001  1.7500000e+001 -1.1400000e+001  1.8658461e-001  3.1524546e+002
  2.0000000e+000  2.0000000e+000  2.6000000e+001  1.7500000e+001 -1.1750000e+001  0.0000000e+000  3.1524546e+002
  2.0000000e+000  2.0000000e+000  2.7000000e+001  1.8000000e+001  0.0000000e+000  7.5000000e-002  3.0948412e+002
  2.0000000e+000  2.0000000e+000  2.7000000e+001  1.8000000e+001 -9.0000000e-001  7.8475133e-002  3.0948412e+002
  2.0000000e+000  2.0000000e+000  2.7000000e+001  1.8000000e+001 -1.4000000e+000  1.0781485e-001  3.2516638e+002
  2.0000000e+000  2.0000000e+000  2.7000000e+001  1.8000000e+001 -1.9000000e+000  1.1111709e-001  3.3700104e+002
  2.0000000e+000  2.0000000e+000  2.7000000e+001  1.8000000e+001 -2.4000000e+000  1.1638325e-001  5.3323515e+000
  2.0000000e+000  2.0000000e+000  2.7000000e+001  1.8000000e+001 -2.9000000e+000  1.1163672e-001  1.3426714e+000
  2.0000000e+000  2.0000000e+000  2.7000000e+001  1.8000000e+001 -3.4000000e+000  1.3556281e-001  4.8255350e+000
  2.0000000e+000  2.0000000e+000  2.7000000e+001  1.8000000e+001 -3.9000000e+000  1.0887053e-001  3.4884453e+002
  2.0000000e+000  2.0000000e+000  2.7000000e+001  1.8000000e+001 -4.4000000e+000  1.0647949e-001  3.3266245e+002
  2.0000000e+000  2.0000000e+000  2.7000000e+001  1.8000000e+001 -4.9000000e+000  1.2874004e-001  3.2671553e+002
  2.0000000e+000  2.0000000e+000  2.7000000e+001  1.8000000e+001 -5.4000000e+000  1.3568340e-001  3.2284202e+002
  2.0000000e+000  2.0000000e+000  2.7000000e+001  1.8000000e+001 -5.9000000e+000  1.5093255e-001  3.1309342e+002
  2.0000000e+000  2.0000000e+000  2.7000000e+001  1.8000000e+001 -6.4000000e+000  1.4189032e-001  3.1004208e+002
  2.0000000e+000  2.0000000e+000  2.7000000e+001  1.8000000e+001 -6.9000000e+000  1.5522336e-001  3.0677783e+002
  2.0000000e+000  2.0000000e+000  2.7000000e+001  1.8000000e+001 -7.4000000e+000  1.5784799e-001  3.0325767e+002
  2.0000000e+000  2.0000000e+000  2.7000000e+001  1.8000000e+001 -7.9000000e+000  1.7575549e-001  2.9945638e+002
  2.0000000e+000  2.0000000e+000  2.7000000e+001  1.8000000e+001 -8.4000000e+000  1.8987503e-001  3.0424712e+002
  2.0000000e+000  2.0000000e+000  2.7000000e+001  1.8000000e+001 -8.9000000e+000  1.8719764e-001  3.0226680e+002
  2.0000000e+000  2.0000000e+000  2.7000000e+001  1.8000000e+001 -9.4000000e+000  1.9424252e-001  2.9930804e+002
  2.0000000e+000  2.0000000e+000  2.7000000e+001  1.8000000e+001 -9.9000000e+000  1.9619983e-001  2.9756271e+002
  2.0000000e+000  2.0000000e+000  2.7000000e+001  1.8000000e+001 -1.0400000e+001  1.9739106e-001  3.0040928e+002
  2.0000000e+000  2.0000000e+000  2.7000000e+001  1.8000000e+001 -1.0900000e+001  1.8924120e-001  2.9556091e+002
  2.0000000e+000  2.0000000e+000  2.7000000e+001  1.8000000e+001 -1.1400000e+001  1.6186558e-001  2.9967419e+002
  2.0000000e+000  2.0000000e+000  2.7000000e+001  1.8000000e+001 -1.1800000e+001  0.0000000e+000  3.0202145e+002
          0               0                0              0                 0              0               0
